Niter CG PCG
0 2.24346 0.70081
1 2.56671 0.440423
2 2.32398 0.333676
3 1.56098 0.211816
4 1.13575 0.263793
5 0.861147 0.095037
6 0.75614 0.0756132
7 0.596453 0.0746885
8 0.428878 0.0383115
9 0.373548 0.0228052
10 0.362965 0.0110382
11 0.343855 0.00301107
12 0.301359 0.000504527
13 0.30627 6.39843e-05
14 0.332272 8.06008e-05
15 0.333315 3.73187e-05
16 0.309471 6.79035e-06
17 0.373552 1.02359e-06
18 0.362883 3.07361e-07
19 0.415159  
20 0.436106  
21 0.434841  
22 0.399529  
23 0.357136  
24 0.367978  
25 0.364988  
26 0.355373  
27 0.322923  
28 0.259146  
29 0.24273  
30 0.24984  
31 0.269282  
32 0.251184  
33 0.24289  
34 0.232083  
35 0.226419  
36 0.225566  
37 0.202651  
38 0.201538  
39 0.203183  
40 0.233431  
41 0.251455  
42 0.300632  
43 0.299917  
44 0.278522  
45 0.250374  
46 0.248459  
47 0.250875  
48 0.276837  
49 0.259495  
50 0.250604  
51 0.214638  
52 0.211947  
53 0.201888  
54 0.185226  
55 0.173948  
56 0.172097  
57 0.157614  
58 0.148343  
59 0.133358  
60 0.126744  
61 0.118607  
62 0.109613  
63 0.106286  
64 0.0919358  
65 0.0810235  
66 0.0804986  
67 0.0692441  
68 0.0641953  
69 0.0618516  
70 0.0646758  
71 0.0667417  
72 0.0631007  
73 0.0642471  
74 0.0687719  
75 0.0671924  
76 0.0643991  
77 0.0683457  
78 0.0705359  
79 0.0661662  
80 0.0581886  
81 0.0573666  
82 0.0581714  
83 0.0673128  
84 0.0690604  
85 0.073091  
86 0.0692217  
87 0.0620859  
88 0.0550417  
89 0.051871  
90 0.0508316  
91 0.0522638  
92 0.046659  
93 0.0443583  
94 0.0380279  
95 0.0359374  
96 0.0337267  
97 0.0323128  
98 0.0351747  
99 0.0361639  
100 0.0374865  
101 0.0372393  
102 0.0399377  
103 0.0404778  
104 0.0374915  
105 0.0364515  
106 0.0370873  
107 0.0420893  
108 0.0424141  
109 0.0401822  
110 0.0405094  
111 0.0355723  
112 0.0347108  
113 0.0309432  
114 0.0272268  
115 0.0244125  
116 0.0249805  
117 0.0257899  
118 0.0311207  
119 0.0331154  
120 0.0359692  
121 0.0289319  
122 0.0213895  
123 0.019767  
124 0.017729  
125 0.0165868  
126 0.0144756  
127 0.0127448  
128 0.0120129  
129 0.0119028  
130 0.0106461  
131 0.00976276  
132 0.00883855  
133 0.00839087  
134 0.00835708  
135 0.00886358  
136 0.00888255  
137 0.00782504  
138 0.00643423  
139 0.00564225  
140 0.00452679  
141 0.0038513  
142 0.00366868  
143 0.00301513  
144 0.0026083  
145 0.00241884  
146 0.00263149  
147 0.00234543  
148 0.00190993  
149 0.00169778  
150 0.00139485  
151 0.00125273  
152 0.00124062  
153 0.00127522  
154 0.00120482  
155 0.00128408  
156 0.00129037  
157 0.001203  
158 0.000976884  
159 0.000801599  
160 0.000805399  
161 0.000751561  
162 0.000721163  
163 0.000686661  
164 0.000757367  
165 0.000781929  
166 0.000795561  
167 0.00076094  
168 0.000736397  
169 0.00068125  
170 0.000544298  
171 0.000487373  
172 0.000522038  
173 0.000454591  
174 0.000412603  
175 0.000395678  
176 0.00040056  
177 0.000416983  
178 0.000432782  
179 0.000392703  
180 0.000378178  
181 0.000327897  
182 0.000388247  
183 0.000336683  
184 0.000280426  
185 0.000324109  
186 0.000301271  
187 0.00028868  
188 0.00024954  
189 0.00021817  
190 0.000192755  
191 0.000185125  
192 0.00017698  
193 0.00022003  
194 0.000183397  
195 0.000153335  
196 0.000147765  
197 0.000155406  
198 0.000143246  
199 0.000116273  
200 9.88518e-05  
201 5.92995e-05  
202 5.58672e-05  
203 5.39671e-05  
204 7.06647e-05  
205 6.01099e-05  
206 4.38551e-05  
207 6.48136e-05  
208 5.74514e-05  
209 6.4194e-05  
210 5.58385e-05  
211 4.21785e-05  
212 3.64548e-05  
213 2.92028e-05  
214 1.98316e-05  
215 1.69939e-05  
216 1.32649e-05  
217 1.08472e-05  
218 1.3865e-05  
219 9.33677e-06  
220 7.63651e-06  
221 5.09582e-06  
222 4.32198e-06  
223 4.53413e-06  
224 5.12192e-06  
225 3.026e-06  
226 1.39321e-06  
227 1.1935e-06  
228 4.09449e-07  
