#SIZE
80	80

#DATA
1644.29516086	-821.487457195	0.0789541168589	0.992696033449	0.442228989417	0.127993163552	0.175601011437	0.869447590351	0.150580674491	0.972080400207	0.0364568390826	0.378460497353	0.144635190614	0.423253818608	0.0692627630139	0.666092268627	0.881373725613	0.130321635066	0.543285285707	0.0324521247202	
0.0937729878576	0.0438176798782	0.0587867413307	0.160176043358	0.0379374659269	0.727284358427	0.767036773748	0.512732181691	0.0744824904503	0.0581529172856	0.141488651819	0.307098212736	0.158119140924	0.279262863256	0.735463240027	0.788913937743	0.109409731073	0.0559344427652	0.0968470192274	0.079414440354	
0.262147523086	0.299891033239	0.114549225308	0.908148657371	0.533247129358	0.29025839139	0.500110560619	0.199201405872	0.248040225056	0.435261738345	0.142833342655	0.595268837672	0.862733865232	0.414864163128	0.312537918435	0.143688845417	0.0589885183996	0.721394480738	0.129462398374	0.242865117727	
0.177141185341	0.061805359032	0.131170192362	0.568856447963	0.0977875894333	0.158482715886	0.626909644492	0.10219314174	0.249318928907	0.542244171349	0.0643837263049	0.185608607133	0.91313386126	0.893047664295	0.0887651696831	0.132422371401	0.91150589155	0.204159924645	0.949830114548	0.138654040515	
-821.487457195	1644.29516086	-821.417142625	0.172199301637	0.686577368416	0.164977613533	0.301442058957	0.0689734761952	0.593875664419	0.261038714135	0.055713692209	0.332254513231	0.532244566906	0.0544642098073	0.0859281681992	0.272652174752	0.157830899003	0.920673031838	0.142524713074	0.0774898299365	
0.982265822998	0.588864053037	0.0683178047266	0.223330522883	0.125870811088	0.70347497983	0.603428084697	0.131845883358	0.2531586346	0.879352465161	0.0795319716481	0.373416529614	0.400310672013	0.255799914581	0.0506871807123	0.159641079026	0.219053172529	0.221772760946	0.0557535465017	0.857194861112	
0.360797533476	0.809528335635	0.159169537617	0.27067377366	0.17437168817	0.0505425480839	0.369209012642	0.606376310751	0.951118328914	0.250201118253	0.150794507627	0.14428343057	0.102017342635	0.180751458091	0.0988306705072	0.0884202364525	0.0530440861826	0.352706588042	0.519136385403	0.592687877906	
0.40086744815	0.101916796925	0.797458619692	0.532036893139	0.547143814207	0.0668921178514	0.0940573264947	0.939902630848	0.10492882777	0.0795737772925	0.34006785227	0.248696401393	0.0890508365241	0.0882976057822	0.0824085836518	0.0388117227008	0.287010820816	0.375769304125	0.243925304285	0.166091171794	
0.0789541168589	-821.417142625	1644.29516086	-821.517218115	0.637015409731	0.877758555166	0.146909433136	0.0530698080937	0.150929556433	0.184017534192	0.749660933253	0.0685339600596	0.74950122016	0.146903057945	0.453677271354	0.0449757375235	0.0388292186522	0.416297695974	0.318878223984	0.885594333279	
0.32043163069	0.435748986081	0.811973096293	0.749747240156	0.956114024871	0.144293170953	0.141780394258	0.187420067485	0.104296133448	0.363177199921	0.599657018559	0.358038486048	0.186381421167	0.133281598949	0.0674987550359	0.0916256112107	0.719049533174	0.931125681241	0.416759538377	0.605146895373	
0.129675990849	0.115422513381	0.781651779556	0.0632488445229	0.0349716547251	0.152895106498	0.199720478428	0.872412254677	0.167360846223	0.319357275164	0.856751809593	0.252164648295	0.110509996786	0.385998943623	0.450154791665	0.247587188825	0.538561826681	0.0517646150161	0.97804973579	0.381490595645	
0.12209772904	0.970499697369	0.599638693718	0.333098123033	0.960678535665	0.465343013155	0.189147099719	0.455649091287	0.28078884095	0.0998484455051	0.989538359464	0.960351549524	0.0372784973232	0.103043096708	0.772075028297	0.134854512211	0.191307548795	0.895041693875	0.114980817264	0.930507509697	
0.992696033449	0.172199301637	-821.517218115	1644.29516086	-821.028423394	0.224108644278	0.203682343217	0.845867842117	0.163381825242	0.997672120333	0.0594499299726	0.322760097258	0.213878878322	0.679739037325	0.109217423777	0.454661584259	0.633590118511	0.161291546432	0.807216848514	0.050808366046	
0.10957081443	0.055396539053	0.101994109501	0.265398183624	0.0584463050589	0.687756027545	0.732592521364	0.698509388423	0.082174286684	0.0702218821265	0.268800404261	0.418259970565	0.1848597908	0.313144666766	0.85061230184	0.791346055516	0.173738683119	0.0853914566993	0.174954226817	0.103256940109	
0.283141333735	0.274930813713	0.192761920521	0.759230525731	0.347589893409	0.48964891367	0.585301931395	0.307548659582	0.249457985303	0.613087667033	0.256705800307	0.81927559109	0.946040952963	0.639297711391	0.575577948934	0.222844542548	0.101694890826	0.510249704175	0.20383239399	0.318346117933	
0.186784257014	0.106112402119	0.175133754584	0.702607171248	0.147137417947	0.303603409361	0.862610836999	0.127099342299	0.401300097037	0.672524307275	0.09794153191	0.332924776593	0.732166656913	0.970964700213	0.159834439306	0.217838152219	0.968390467739	0.339705891937	0.94869899051	0.251595685127	
0.442228989417	0.686577368416	0.637015409731	-821.028423394	1644.29516086	-820.975734767	0.353965869559	0.219626358505	0.403908410686	0.812600788075	0.173308574151	0.299484388206	0.808015115041	0.293176765978	0.291485098604	0.266181404577	0.220918569893	0.722395745233	0.669395230036	0.195808792631	
0.581008492651	0.325617399589	0.284741061366	0.757276437829	0.276613960259	0.775348527657	0.787045513884	0.482045293986	0.224763245708	0.429884523381	0.414218433105	0.824577952269	0.499134142138	0.465463258798	0.210759829991	0.441004865962	0.550224246435	0.427559614872	0.247762678407	0.642060663194	
0.409383188414	0.563818317281	0.599577321481	0.380071101318	0.182624268278	0.262642241728	0.671764495479	0.959722845937	0.641349454391	0.720037003138	0.674307631965	0.675286846183	0.431648450099	0.771362184415	0.572426304603	0.340188413375	0.202698990094	0.316459136847	0.909051533823	0.777430149613	
0.412787550254	0.376810548344	0.838434224336	0.91896785251	0.818921925881	0.382093806116	0.500699159902	0.678141757197	0.47856171406	0.317037131297	0.598843615825	0.883892175374	0.184343630148	0.371166393424	0.39178222595	0.169927656699	0.787159089359	0.915118377835	0.585364658417	0.681889122652	
0.127993163552	0.164977613533	0.877758555166	0.224108644278	-820.975734767	1644.29516086	-821.567765632	0.119775629671	0.0798523096571	0.320138842013	0.394532215893	0.0542297170198	0.358595950359	0.347431336437	0.927818509906	0.0653178119526	0.0583136009935	0.197295779477	0.371677133975	0.421274561964	
0.165552271246	0.150078329895	0.933921535263	0.995327817962	0.465013929617	0.146673854157	0.214830819327	0.174190903654	0.187969736373	0.171695295814	0.600425756296	0.73119356097	0.364554866483	0.326707694001	0.149829875635	0.222103933827	0.319118500046	0.392862686886	0.335069330548	0.278028679446	
0.081028159727	0.150956492218	0.999026841584	0.0737979975442	0.0558416115204	0.456345684884	0.148464332993	0.595899695613	0.114326798767	0.240952279532	0.999851276153	0.653385980961	0.27682164618	0.861570815449	0.642033282458	0.786873578565	0.336125441873	0.0606620547961	0.848354634868	0.203732171479	
0.229830104071	0.776499915906	0.584549207143	0.270251178815	0.764639673118	0.842262795167	0.487271045518	0.213003846288	0.819924033375	0.307331258712	0.717858318968	0.974023191452	0.067690500512	0.160832771929	0.983214000404	0.485165185237	0.225650357621	0.651912209849	0.133830067022	0.774982120535	
0.175601011437	0.301442058957	0.146909433136	0.203682343217	0.353965869559	-821.567765632	1644.29516086	-821.593841363	0.972373858813	0.22097341514	0.0845224851468	0.833255518264	0.696778773666	0.0711545454899	0.0322504027555	0.0953021465727	0.0975638299311	0.642249274055	0.362330848869	0.0852492521122	
0.335824204514	0.241180027965	0.0518064495894	0.0772531499307	0.112947152477	0.528638646396	0.181925328398	0.593114582937	0.0295635395126	0.188736738698	0.156608406897	0.0823883503675	0.0514384212487	0.0483864898745	0.0623828999226	0.0658574919206	0.598389662507	0.258611590034	0.154450108276	0.287674135926	
0.997542001586	0.114941715846	0.062636599442	0.341430134296	0.0567998934863	0.0468291438437	0.946000325753	0.506274793696	0.67314632506	0.817753397441	0.0846817314258	0.086998826235	0.078315083713	0.0861472943088	0.162790298855	0.0342903067271	0.126859254975	0.226931724848	0.212225979697	0.954757749929	
0.0491364529932	0.110836747473	0.129021959192	0.816361113135	0.173453599337	0.0688543090439	0.0845977223426	0.442468388265	0.0489466028984	0.0453637198433	0.139305913486	0.181518353717	0.0615351013167	0.191595739898	0.0588108442983	0.0268160343763	0.518091377868	0.480524611018	0.497304132646	0.245138263795	
0.869447590351	0.0689734761952	0.0530698080937	0.845867842117	0.219626358505	0.119775629671	-821.593841363	1644.29516086	-821.599666871	0.777259100941	0.0265932212935	0.0961131578222	0.0611633279424	0.552053708457	0.0879320079046	0.397649185007	0.609662426903	0.0519762929397	0.281875039075	0.0230717887838	
0.04251957133	0.0227449021365	0.0570417096554	0.155714678957	0.0253444252007	0.248472978745	0.454443197873	0.19570419955	0.0777406948084	0.030663275779	0.100100790701	0.298778351389	0.154600310759	0.34603678211	0.932999631845	0.925963864768	0.0505801699678	0.0314460513053	0.0648510016503	0.0398963699485	
0.072856604793	0.17030217729	0.116958739462	0.359548748517	0.427500166718	0.505482025964	0.14381944509	0.0911218547192	0.0804843788028	0.151647429167	0.13420734403	0.714304912385	0.977966530787	0.476514609632	0.237191817239	0.239163852722	0.0404140021849	0.268777977784	0.077462603712	0.0805225947	
0.170230222908	0.0450387354913	0.0843793422667	0.189664166416	0.060273771947	0.175166394402	0.770004589577	0.0452233279135	0.391632007045	0.91448253041	0.0417916956559	0.127025078835	0.939189824558	0.656707336512	0.090839763549	0.279511847382	0.42857867096	0.0977651149282	0.427180336707	0.0841424559833	
0.150580674491	0.593875664419	0.150929556433	0.163381825242	0.403908410686	0.0798523096571	0.972373858813	-821.599666871	1644.29516086	-821.449991876	0.065717698431	0.832882182939	0.713311830133	0.0513439677565	0.0343610009557	0.125813988802	0.107582620872	0.887542081581	0.222068777423	0.0766030498896	
0.648182631825	0.417127549638	0.0463599775911	0.0841469160341	0.111938830765	0.641581946064	0.241576731869	0.325499200285	0.0435735318071	0.376797906333	0.102151836928	0.101591208948	0.0736101310764	0.0620495934444	0.0470743969639	0.07000300929	0.451695536158	0.256671388199	0.0906631488335	0.488758976189	
0.973382637439	0.196074777571	0.0659950898404	0.339700980361	0.072798544274	0.0376241257303	0.831677507918	0.544223242624	0.932807267073	0.576516632295	0.0808358752689	0.0797246075622	0.068185057019	0.0843202912395	0.1100772575	0.0355487946366	0.0811641961282	0.289844982233	0.256963385722	0.94988250283	
0.0722227177435	0.093670738245	0.202329292175	0.756222326646	0.229772072042	0.053846500541	0.0687427930204	0.727886613789	0.0479575135901	0.0426683139897	0.171383609133	0.167509234835	0.0604917653422	0.122584756827	0.0525345785537	0.0237118712521	0.4017121764	0.424640053669	0.386495356341	0.18707207116	
0.972080400207	0.261038714135	0.184017534192	0.997672120333	0.812600788075	0.320138842013	0.22097341514	0.777259100941	-821.449991876	1644.29516086	-821.576933235	0.329650718552	0.286909180926	0.619264879067	0.154187093031	0.520240115588	0.61943647241	0.229026154533	0.791270244534	0.0639069655513	
0.161814901853	0.0770172568065	0.131104647902	0.396552007229	0.0766587125318	0.792831905778	0.880352895117	0.634120036957	0.125704859953	0.103494673146	0.292527698631	0.624108897356	0.296021002673	0.464155683576	0.721716016466	0.866695770994	0.210794627154	0.11273369227	0.179140473066	0.153499209681	
0.304034741252	0.414572188772	0.281901825922	0.73800360553	0.397795318504	0.489130501512	0.614298496359	0.431984124812	0.336403110775	0.634621548859	0.35596187902	0.897292081151	0.938541239282	0.789173196352	0.598588317585	0.305311908646	0.111143869499	0.547362617193	0.309139339401	0.395261825991	
0.292626552581	0.135587392853	0.285920076664	0.790374461029	0.2259320474	0.34554325792	0.870084455553	0.185889790872	0.517987953341	0.714492357151	0.143316948167	0.455971490817	0.670473016297	0.884195151973	0.207854740927	0.242813697153	0.968199512636	0.446197404855	0.921776725601	0.314644028325	
0.0364568390826	0.055713692209	0.749660933253	0.0594499299726	0.173308574151	0.394532215893	0.0845224851468	0.0265932212935	0.065717698431	-821.576933235	1644.29516086	-821.614033673	0.339083064056	0.105197097789	0.163686601061	0.0172592043523	0.0170432270042	0.120343989593	0.210882090109	0.983160219496	
0.0793888447735	0.137531240692	0.720232912401	0.228820404467	0.893526836278	0.0489248107184	0.0418021784927	0.13612267876	0.0272451647307	0.0866176562493	0.701869798495	0.0842527466482	0.0434390796818	0.0370037376504	0.0423314060286	0.0338225248945	0.591162598684	0.737649974838	0.717862839213	0.152177824214	
0.0670834812766	0.0306983921651	0.283679299044	0.0282192984646	0.0138876521787	0.0977329656059	0.0968658373818	0.346268016027	0.052672996126	0.186480041374	0.420844148918	0.0971684792546	0.050706793414	0.128605200408	0.348391010008	0.0882740745949	0.94797706801	0.0210626495872	0.38625376164	0.15751302762	
0.0312872638241	0.976793675286	0.115949099382	0.129075347238	0.32675572232	0.369675358734	0.0948240594129	0.11890631665	0.104683661424	0.0440189091892	0.48935037068	0.547899603669	0.0176464153181	0.0651472170411	0.547902113945	0.081917448191	0.0854753073417	0.497161261253	0.0546596485972	0.809059479361	
0.378460497353	0.332254513231	0.0685339600596	0.322760097258	0.299484388206	0.0542297170198	0.833255518264	0.0961131578222	0.832882182939	0.329650718552	-821.614033673	1644.29516086	-821.354527673	0.0682077255524	0.0259132225812	0.29222897286	0.312599455107	0.392063391182	0.254641993955	0.033898696586	
0.243051913085	0.108638929446	0.0300842860779	0.060804900577	0.0441271833052	0.852976828429	0.358867123253	0.432196952927	0.0366728925462	0.122016291562	0.0761461769549	0.0923462670763	0.0642845657216	0.0689732687099	0.0852678335568	0.115206873998	0.188682197357	0.0857858783036	0.0661488102176	0.15754929217	
0.958864939936	0.211749338388	0.0461218309126	0.845936535514	0.158074591506	0.0455035707659	0.88751879159	0.255772188494	0.781427945614	0.547086532559	0.0570153502978	0.0973640712837	0.11341210587	0.0862877753559	0.105397190235	0.0336561914037	0.0491475853862	0.720490365864	0.117227982638	0.664133236042	
0.0707617000122	0.048358339915	0.108696240109	0.730473552024	0.0974227313587	0.0475210475012	0.0923666265679	0.262825251492	0.048776975464	0.0613227348558	0.0680791716288	0.102986882411	0.153047810705	0.245070924109	0.0372166151792	0.0255554999327	0.635515506014	0.217655037109	0.769794134686	0.105185449941	
0.144635190614	0.532244566906	0.74950122016	0.213878878322	0.808015115041	0.358595950359	0.696778773666	0.0611633279424	0.713311830133	0.286909180926	0.339083064056	-821.354527673	1644.29516086	-821.530392601	0.119118833632	0.0825796325107	0.0720209412415	0.936944732341	0.488923191893	0.414441886979	
0.700421711543	0.714015242636	0.223780674412	0.322349828325	0.588349508837	0.431093640777	0.246748243349	0.455094299349	0.0721758484835	0.571003036073	0.422219430026	0.243279807947	0.135751990573	0.105101058582	0.0727841101441	0.098129543952	0.972561573718	0.906701751041	0.341372872229	0.847628349576	
0.616909764593	0.183996623196	0.272718510609	0.174000936482	0.0544868079158	0.092243571892	0.71045285559	0.993735336372	0.608313305195	0.787499484694	0.361894346693	0.188740082176	0.113324499528	0.23636292374	0.365491001059	0.0977520616825	0.357175985993	0.132676459602	0.868231583822	0.973336833661	
0.107987282527	0.525518729003	0.504124052889	0.840660293485	0.799982056494	0.201226373576	0.154270602011	0.88348593592	0.132533100375	0.077896586588	0.741683633382	0.717124618573	0.0547859025144	0.16850522232	0.239690302214	0.0603874632869	0.45603618797	0.981386400384	0.31100338933	0.794495681117	
0.423253818608	0.0544642098073	0.146903057945	0.679739037325	0.293176765978	0.347431336437	0.0711545454899	0.552053708457	0.0513439677565	0.619264879067	0.105197097789	0.0682077255524	-821.530392601	1644.29516086	-821.452163569	0.0864913361941	0.122100247959	0.0627176466508	0.743669934313	0.0722580446738	
0.0437929916023	0.0316202234495	0.243949125831	0.317890300546	0.0686563404846	0.143243617116	0.185431375996	0.431445157459	0.0476246779823	0.0346158972183	0.561380169587	0.264249454602	0.0966929487533	0.160200732168	0.925336084536	0.386563636708	0.137006424159	0.0770393853798	0.375333030503	0.0527333244267	
0.0812421669331	0.0736379031589	0.288221024218	0.141068684112	0.0769748756034	0.985706574782	0.179731975875	0.175347604665	0.0629548618871	0.308717639272	0.430361441733	0.854476132815	0.843186149531	0.698168590363	0.893567929121	0.376232694349	0.20376779092	0.0846118818244	0.152695479815	0.117919746561	
0.0815171301097	0.176432919391	0.0936008344585	0.244725835933	0.107585423293	0.825903572029	0.982347886542	0.0542107938791	0.633622633265	0.71748636826	0.0872307293698	0.389894713076	0.21514157634	0.801330070353	0.389349272263	0.712813285853	0.443717654395	0.249140639851	0.316094473753	0.330143973706	
0.0692627630139	0.0859281681992	0.453677271354	0.109217423777	0.291485098604	0.927818509906	0.0322504027555	0.0879320079046	0.0343610009557	0.154187093031	0.163686601061	0.0259132225812	0.119118833632	-821.452163569	1644.29516086	-821.602375466	0.0387235799686	0.0806354115464	0.131808108966	0.185694920804	
0.0804535320511	0.0711566811815	0.753701065887	0.942799488274	0.19974328866	0.0684526820397	0.1248070726	0.0641798837361	0.251885606612	0.0913938366089	0.223994019365	0.626240831498	0.387564904503	0.347010937499	0.0945759767836	0.173268876429	0.100538491641	0.141778123424	0.119907962873	0.125562005357	
0.0336396410823	0.104561736795	0.980246040614	0.0387348245008	0.0435953051599	0.340588387249	0.0562350211588	0.210978124873	0.0530444799326	0.0813889120793	0.891998834118	0.448851102245	0.180330652116	0.678078304248	0.263676049229	0.935561969973	0.12296819344	0.0353478827447	0.431337311088	0.072210168023	
0.235761231901	0.355860707971	0.377405316214	0.0970936081619	0.402628900076	0.548637353998	0.294504179081	0.0926067772699	0.817871026298	0.272250685089	0.366842222036	0.571304677998	0.0486775184891	0.0749250581685	0.854622258115	0.563905661196	0.0906250716181	0.219456519467	0.0592167012863	0.288845537446	
0.666092268627	0.272652174752	0.0449757375235	0.454661584259	0.266181404577	0.0653178119526	0.0953021465727	0.397649185007	0.125813988802	0.520240115588	0.0172592043523	0.29222897286	0.0825796325107	0.0864913361941	-821.602375466	1644.29516086	-820.666427376	0.124521362388	0.119936849511	0.0181484658771	
0.124288645603	0.0445513125368	0.0279556679016	0.0957383663731	0.0230864928731	0.701830168969	0.897661700165	0.115143080306	0.15311509685	0.0756918215885	0.0415167103036	0.272778220262	0.264322890653	0.39859093406	0.161547467915	0.641356798958	0.0483277095016	0.0333403380771	0.0290945937974	0.0817942606602	
0.147950929124	0.745043198543	0.0661785248111	0.785542412061	0.994288183645	0.0767673515794	0.207440751529	0.112010162735	0.321718348099	0.131001548658	0.0658317773921	0.220575830354	0.323191684918	0.182220059921	0.0746781773145	0.0854016991807	0.0217428213023	0.951830738093	0.0864632764473	0.135823961287	
0.385518131009	0.0289777086787	0.152377642286	0.260499000806	0.0757795525048	0.0491423317902	0.16579796447	0.108578377048	0.116244268402	0.230650424673	0.046583761283	0.0804170159234	0.792083667999	0.197373827234	0.0390705381883	0.0508519966782	0.366183041438	0.0891570996351	0.452575333405	0.052442264185	
0.881373725613	0.157830899003	0.0388292186522	0.633590118511	0.220918569893	0.0583136009935	0.0975638299311	0.609662426903	0.107582620872	0.61943647241	0.0170432270042	0.312599455107	0.0720209412415	0.122100247959	0.0387235799686	-820.666427376	1644.29516086	-821.556802589	0.156404779088	0.0167192231694	
0.079428615863	0.0324034005553	0.0268167761526	0.07999441012	0.0203217859596	0.632394963135	0.768677639567	0.158972113919	0.0850113676467	0.0488284512564	0.0470582528857	0.200338049582	0.154626339654	0.268717364752	0.276186195889	0.664769999997	0.0474651325207	0.0292584075003	0.0337669316031	0.0568158320941	
0.1534390136	0.424953614805	0.0568462636259	0.893321261792	0.951840910598	0.0978868240309	0.233304554357	0.0951124068807	0.225339155212	0.154086172302	0.0610694981203	0.245668128603	0.443845813656	0.178262412915	0.0904967261733	0.0773252419908	0.0235486756937	0.935294473067	0.0682632963001	0.124559649989	
0.211436444227	0.0276650290522	0.0969515362881	0.265354123372	0.0570571017228	0.054860180507	0.216525271561	0.0751931395362	0.114086603102	0.27869688723	0.0368569699982	0.074794889493	0.962796203354	0.334262176229	0.0380297157618	0.0571682174726	0.465899592671	0.0836600999796	0.610625731508	0.0526761007327	
0.130321635066	0.920673031838	0.416297695974	0.161291546432	0.722395745233	0.197295779477	0.642249274055	0.0519762929397	0.887542081581	0.229026154533	0.120343989593	0.392063391182	0.936944732341	0.0627176466508	0.0806354115464	0.124521362388	-821.556802589	1644.29516086	-821.418534232	0.170308250006	
0.98528449004	0.886026312871	0.0999485194322	0.216235792208	0.284695419095	0.578980037043	0.333499185674	0.232000461981	0.104498630219	0.896351145243	0.148043556343	0.236678332826	0.180880666125	0.122848938858	0.0490067924895	0.0964375282347	0.595649018768	0.567251281321	0.113043303294	0.969828145027	
0.629296849447	0.34874502332	0.167657166119	0.211718069524	0.0779705585246	0.0528699059544	0.593995693869	0.89610028911	0.927163987277	0.479573420064	0.18736731197	0.127064993146	0.0844556645274	0.159235847579	0.151181592162	0.0713530461621	0.115339816986	0.205627801799	0.702437156124	0.932610495906	
0.158396019578	0.203789164061	0.630529301577	0.730379626526	0.700653803431	0.089443319109	0.0935900427563	0.998474030303	0.0899009900443	0.060581289039	0.547752857485	0.379022512286	0.0573833893298	0.103539083223	0.11116317321	0.0375744590641	0.341362126936	0.706215190212	0.265260232955	0.342824243068	
0.543285285707	0.142524713074	0.318878223984	0.807216848514	0.669395230036	0.371677133975	0.362330848869	0.281875039075	0.222068777423	0.791270244534	0.210882090109	0.254641993955	0.488923191893	0.743669934313	0.131808108966	0.119936849511	0.156404779088	-821.418534232	1644.29516086	-821.495913154	
0.125679035089	0.0899159329834	0.243695466899	0.32344233242	0.160120772734	0.412821273638	0.305486709136	0.980509212001	0.0484784024376	0.0867301460199	0.835006296931	0.268890128826	0.102896589119	0.131807467202	0.512804663095	0.264937498678	0.578737190484	0.244444623615	0.712057107577	0.15102714439	
0.391660025803	0.12075813373	0.271618948643	0.330032267718	0.0851832434977	0.482137976553	0.749083889185	0.587030607275	0.214053393387	0.954907335512	0.445772490282	0.614888796081	0.534743672984	0.535862564913	0.966517305122	0.179985429352	0.444517522413	0.174543830089	0.361630504869	0.554235963494	
0.0875565039535	0.340184366666	0.173707644934	0.828007817266	0.24518110315	0.609592969161	0.728853037639	0.174116996948	0.322779912014	0.298829616837	0.195730521698	0.670163527589	0.174048819074	0.901197012419	0.339615272728	0.20750833209	0.917265044895	0.764513911702	0.757153964846	0.747244421678	
0.0324521247202	0.0774898299365	0.885594333279	0.050808366046	0.195808792631	0.421274561964	0.0852492521122	0.0230717887838	0.0766030498896	0.0639069655513	0.983160219496	0.033898696586	0.414441886979	0.0722580446738	0.185694920804	0.0181484658771	0.0167192231694	0.170308250006	-821.495913154	1644.29516086	
-821.525496447	0.249394544985	0.666007723655	0.262842887703	0.995040587756	0.0521421118151	0.045432267266	0.100609806177	0.0360331435875	0.149181718887	0.462196085927	0.0975757313423	0.0553597375108	0.0420108921706	0.0324306265613	0.032800210849	0.579106828367	0.900047970069	0.422833821419	0.256471843924	
0.0675487480936	0.0376691173572	0.321938148288	0.0272990591304	0.0145282555459	0.0714341022372	0.0908310574354	0.420934242614	0.0646937056028	0.155754748623	0.416519980104	0.0853086770187	0.0430939433828	0.121177565124	0.232182673887	0.0883031781164	0.708585431007	0.0218137883381	0.535768933274	0.173526639768	
0.0387718775004	0.967727702643	0.175259475232	0.12724425921	0.508351289356	0.253754482433	0.0746194140093	0.182714538347	0.0972171608261	0.0388528683813	0.750699590208	0.553052259005	0.0163873779202	0.0491181247287	0.483839664705	0.0649299993851	0.0751118357038	0.515798812419	0.0486432774342	0.727825879366	
0.0937729878576	0.982265822998	0.32043163069	0.10957081443	0.581008492651	0.165552271246	0.335824204514	0.04251957133	0.648182631825	0.161814901853	0.0793888447735	0.243051913085	0.700421711543	0.0437929916023	0.0804535320511	0.124288645603	0.079428615863	0.98528449004	0.125679035089	-821.525496447	
1644.29516086	-820.733186736	0.0787081516765	0.199880877578	0.212212066568	0.447218987846	0.316245231394	0.117907813154	0.161120736878	0.990378990923	0.0873122202911	0.247922618442	0.245713724156	0.143147999267	0.0359462014942	0.0881208504467	0.316267197121	0.385968386066	0.0643607532574	0.985391933406	
0.345981424744	0.454913879053	0.153320516942	0.151223049979	0.0814933465056	0.040370852065	0.320422542645	0.699270995466	0.866528947032	0.240129599216	0.149670101541	0.100561462347	0.0657879042954	0.132227929407	0.0923085044558	0.0688463882201	0.0677707223034	0.175301997141	0.617958056655	0.651068547803	
0.219455495098	0.138311234835	0.755224798661	0.452527834711	0.680831944663	0.0636760812129	0.068808645333	0.997919036248	0.079427678544	0.0521618665031	0.505100896439	0.266628761598	0.0491973107512	0.0647532070486	0.0870731631069	0.0318506697721	0.201751178968	0.446604181639	0.160589006996	0.202829154345	
0.0438176798782	0.588864053037	0.435748986081	0.055396539053	0.325617399589	0.150078329895	0.241180027965	0.0227449021365	0.417127549638	0.0770172568065	0.137531240692	0.108638929446	0.714015242636	0.0316202234495	0.0711566811815	0.0445513125368	0.0324034005553	0.886026312871	0.0899159329834	0.249394544985	
-820.733186736	1644.29516086	-821.552406471	0.151392940524	0.443750056773	0.162388723608	0.11028730426	0.0826435519802	0.0796427872255	0.970700408982	0.0917660043963	0.125446167155	0.112124156357	0.0650056140193	0.0223937794433	0.0409855749817	0.409098806701	0.685140356424	0.0740593056433	0.982161610001	
0.202856762517	0.144020979965	0.132727330929	0.0606930183356	0.0315662164593	0.0294943964997	0.180144431946	0.617424093474	0.415915163839	0.167877321886	0.134617186251	0.0591898861567	0.036244798062	0.0808094754214	0.0762626634649	0.0482980770662	0.0936987300583	0.0616641176188	0.598983229791	0.476000082077	
0.0897938930747	0.205850823385	0.499396028868	0.245734832215	0.699681080557	0.0572866617926	0.0435754694984	0.954789654337	0.053121120652	0.0300793606521	0.688770632354	0.244981178415	0.0230717092122	0.0392834608787	0.0906827022547	0.0246345291386	0.101738634778	0.423016972298	0.0764229669075	0.230374288637	
0.0587867413307	0.0683178047266	0.811973096293	0.101994109501	0.284741061366	0.933921535263	0.0518064495894	0.0570417096554	0.0463599775911	0.131104647902	0.720232912401	0.0300842860779	0.223780674412	0.243949125831	0.753701065887	0.0279556679016	0.0268167761526	0.0999485194322	0.243695466899	0.666007723655	
0.0787081516765	-821.552406471	1644.29516086	-820.905853329	0.579665497047	0.0619504259901	0.0759960626006	0.117058539917	0.0697037279317	0.0870858953529	0.688392610028	0.264331456537	0.119037607824	0.107010356025	0.0865299726278	0.0832250361348	0.276438483039	0.378643572599	0.466454908154	0.142854515289	
0.0483586073291	0.0542243994751	0.876057116038	0.0354862139475	0.024243176814	0.315498073186	0.0819051816613	0.335299445115	0.0530185127882	0.14890168567	0.943945098583	0.299205150819	0.123523100545	0.438918886445	0.535853461757	0.433175417534	0.559632982251	0.0279464745337	0.536478454322	0.113779051481	
0.0768964517151	0.92977640528	0.227100564668	0.131181753244	0.455513809835	0.8436603758	0.256542902454	0.106074089281	0.450218746921	0.134585441883	0.544880019398	0.827786287049	0.0317571041918	0.0935989004508	0.996541368829	0.362732672104	0.108327101389	0.442048432807	0.0662884873973	0.746758527534	
0.160176043358	0.223330522883	0.749747240156	0.265398183624	0.757276437829	0.995327817962	0.0772531499307	0.155714678957	0.0841469160341	0.396552007229	0.228820404467	0.060804900577	0.322349828325	0.317890300546	0.942799488274	0.0957383663731	0.07999441012	0.216235792208	0.32344233242	0.262842887703	
0.199880877578	0.151392940524	-820.905853329	1644.29516086	-821.327932991	0.189393840728	0.325520621762	0.155283027095	0.3318872521	0.202826686877	0.406703057661	0.926031937929	0.613100580423	0.556269170799	0.163120947764	0.336754561133	0.241127155377	0.292813907178	0.210865974992	0.305046125631	
0.0827843895475	0.245552394668	0.9987748914	0.0918710500547	0.0836078539267	0.43855691703	0.151232798022	0.570803834696	0.140622515611	0.218422849114	0.988465166652	0.752083595664	0.346032677895	0.936032120094	0.515407451753	0.894414241812	0.199344791997	0.0808934030332	0.838331968847	0.201145078751	
0.409578129402	0.534280139552	0.749729718464	0.286089904943	0.772457142596	0.689119904291	0.521182938451	0.239213905726	0.901796998508	0.407905048639	0.64917138203	0.924274203437	0.0919426502921	0.16356592866	0.88383878232	0.481870736188	0.247757960793	0.566026865977	0.151651763431	0.591002288673	
0.0379374659269	0.125870811088	0.956114024871	0.0584463050589	0.276613960259	0.465013929617	0.112947152477	0.0253444252007	0.111938830765	0.0766587125318	0.893526836278	0.0441271833052	0.588349508837	0.0686563404846	0.19974328866	0.0230864928731	0.0203217859596	0.284695419095	0.160120772734	0.995040587756	
0.212212066568	0.443750056773	0.579665497047	-821.327932991	1644.29516086	-821.576277441	0.0609342718951	0.109215967347	0.0492856617274	0.269462342941	0.395168130536	0.128876746194	0.0764456708011	0.0538503424839	0.0331140283189	0.0389228123761	0.669391457705	0.978672080388	0.333144989713	0.451255477965	
0.0896768783841	0.0537617336116	0.367022897008	0.0340611321841	0.0180900276636	0.0678948174777	0.11672481843	0.592879588106	0.098083891811	0.185579472734	0.4434845213	0.0949099772663	0.0473217218943	0.1389827432	0.22004953694	0.0961865639642	0.550820891647	0.0281140086995	0.733673280916	0.249188118523	
0.0529423875472	0.939473908579	0.282426445094	0.170085356442	0.733188811914	0.221881871657	0.0777498384825	0.317432990896	0.105190774367	0.0422227782206	0.924871273541	0.627441665353	0.0189442945047	0.0520219657928	0.441282625651	0.0610047244428	0.0910137799817	0.639603836685	0.0587345207243	0.741345247497	
0.727284358427	0.70347497983	0.144293170953	0.687756027545	0.775348527657	0.146673854157	0.528638646396	0.248472978745	0.641581946064	0.792831905778	0.0489248107184	0.852976828429	0.431093640777	0.143243617116	0.0684526820397	0.701830168969	0.632394963135	0.578980037043	0.412821273638	0.0521421118151	
0.447218987846	0.162388723608	0.0619504259901	0.189393840728	-821.576277441	1644.29516086	-820.717733585	0.453806524104	0.119914154221	0.237994329178	0.126682242068	0.365064547644	0.247254346524	0.275490932641	0.17809387477	0.411243709765	0.232376146133	0.128889505771	0.0894028862078	0.31003211728	
0.72452824952	0.699398688548	0.130132665243	0.94396645399	0.441231115682	0.107014310569	0.858096619731	0.510244611697	0.920625338867	0.618375978444	0.150954810373	0.312864704483	0.32676278966	0.290044036189	0.208377638998	0.100624184379	0.0660094344317	0.926911389964	0.297787108104	0.723397320626	
0.275917480953	0.0861670567181	0.352392848281	0.921118838493	0.244632302312	0.103507028825	0.248239334077	0.455886388313	0.150919890831	0.187206280772	0.146638104127	0.255476537094	0.367470849847	0.391985637613	0.084306527845	0.0610694550418	0.888627866784	0.40577883039	0.906536917582	0.192713930937	
0.767036773748	0.603428084697	0.141780394258	0.732592521364	0.787045513884	0.214830819327	0.181925328398	0.454443197873	0.241576731869	0.880352895117	0.0418021784927	0.358867123253	0.246748243349	0.185431375996	0.1248070726	0.897661700165	0.768677639567	0.333499185674	0.305486709136	0.045432267266	
0.316245231394	0.11028730426	0.0759960626006	0.325520621762	0.0609342718951	-820.717733585	1644.29516086	-821.402865114	0.30721583401	0.194701792903	0.109904415513	0.741152947333	0.609337701256	0.735676719984	0.248002402453	0.83803115994	0.130733705001	0.0915661566353	0.0688347232925	0.237126965148	
0.265747670506	0.94065757757	0.213580266137	0.753345068966	0.772286338902	0.170354127277	0.431234135038	0.375456520079	0.595029470057	0.324256712245	0.214400077827	0.558885336968	0.562088051726	0.535097790258	0.204599095249	0.225408348463	0.0515814823103	0.82584565892	0.304978174385	0.350231913254	
0.69230703274	0.0806974444281	0.49358814436	0.63020821691	0.257912422527	0.132196922543	0.386993310973	0.298676813795	0.31866181816	0.4228302734	0.145221696214	0.277624197094	0.596327808427	0.33923514951	0.11203337293	0.11057335121	0.698890482309	0.291416340721	0.668879146854	0.159296783669	
0.512732181691	0.131845883358	0.187420067485	0.698509388423	0.482045293986	0.174190903654	0.593114582937	0.19570419955	0.325499200285	0.634120036957	0.13612267876	0.432196952927	0.455094299349	0.431445157459	0.0641798837361	0.115143080306	0.158972113919	0.232000461981	0.980509212001	0.100609806177	
0.117907813154	0.0826435519802	0.117058539917	0.155283027095	0.109215967347	0.453806524104	-821.402865114	1644.29516086	-821.61491268	0.0753731157762	0.56099481801	0.146587423812	0.0647602757166	0.0799602374914	0.344353157449	0.168473014268	0.548852732842	0.190088351252	0.526947059151	0.126916563711	
0.631950706075	0.0983691467073	0.127851706404	0.425237605787	0.0765050707196	0.226871135444	0.909294753847	0.4618367399	0.250572683981	0.987612731547	0.206673116132	0.320445142791	0.325748347084	0.261452381493	0.718189801787	0.084851479474	0.306885800301	0.208139539592	0.225320390652	0.645235947882	
0.0589248610658	0.19406448784	0.114083390405	0.860881191636	0.156775401557	0.282676851021	0.40921107548	0.162488949758	0.146548918322	0.158711604755	0.125672937236	0.377994829872	0.151321007066	0.862481423547	0.153784690885	0.0945288447537	0.928087192618	0.605957095204	0.856045030567	0.501178117161	
0.0744824904503	0.2531586346	0.104296133448	0.082174286684	0.224763245708	0.187969736373	0.0295635395126	0.0777406948084	0.0435735318071	0.125704859953	0.0272451647307	0.0366728925462	0.0721758484835	0.0476246779823	0.251885606612	0.15311509685	0.0850113676467	0.104498630219	0.0484784024376	0.0360331435875	
0.161120736878	0.0796427872255	0.0697037279317	0.3318872521	0.0492856617274	0.119914154221	0.30721583401	-821.61491268	1644.29516086	-821.474467563	0.0384846900792	0.659541019892	0.977378952084	0.818529513271	0.0450573390577	0.24283522579	0.0402744996321	0.0517603025743	0.0242124488536	0.154493390555	
0.0349859227043	0.569728121068	0.252750114068	0.0615471663008	0.165486581098	0.0650753531956	0.0481517044365	0.117502077405	0.106367144869	0.0452777742569	0.157941365005	0.173711681878	0.107086812775	0.246770277734	0.0537421459397	0.300511721708	0.0230901156217	0.0847178066034	0.196911814157	0.0611569455801	
0.968585477102	0.0526005309264	0.578578978438	0.0802178356535	0.221490062298	0.0633208822571	0.0930923101421	0.131465736301	0.231782747447	0.148211161488	0.139042759139	0.128596130876	0.0775703559631	0.040347862024	0.0913172086215	0.0802851128652	0.0704216753588	0.0844335585791	0.0570070153053	0.0608259632107	
0.0581529172856	0.879352465161	0.363177199921	0.0702218821265	0.429884523381	0.171695295814	0.188736738698	0.030663275779	0.376797906333	0.103494673146	0.0866176562493	0.122016291562	0.571003036073	0.0346158972183	0.0913938366089	0.0756918215885	0.0488284512564	0.896351145243	0.0867301460199	0.149181718887	
0.990378990923	0.970700408982	0.0870858953529	0.202826686877	0.269462342941	0.237994329178	0.194701792903	0.0753731157762	-821.474467563	1644.29516086	-821.572455525	0.215894601373	0.234259473117	0.121178127153	0.0266107558914	0.0637425964225	0.255927262971	0.421147399036	0.0552997944491	0.992664276737	
0.183467574902	0.316023537808	0.164779468146	0.0820612515072	0.0536495500175	0.0339853588031	0.176279813347	0.585383983139	0.562136216231	0.148682566898	0.14945312024	0.0787730249403	0.0480046855437	0.110217178267	0.0733618493334	0.0672219937731	0.0633980109113	0.0947338109142	0.632907320336	0.416895738137	
0.193522255902	0.14959703038	0.781727662479	0.264468494992	0.751440653528	0.0577635842575	0.0530445415215	0.977665135618	0.0715728467702	0.0414668781433	0.625877519836	0.245109866714	0.0330567772001	0.0433469650978	0.0906368682944	0.0293903054231	0.1183131523	0.359339811698	0.0909157263391	0.180696030702	
0.141488651819	0.0795319716481	0.599657018559	0.268800404261	0.414218433105	0.600425756296	0.156608406897	0.100100790701	0.102151836928	0.292527698631	0.701869798495	0.0761461769549	0.422219430026	0.561380169587	0.223994019365	0.0415167103036	0.0470582528857	0.148043556343	0.835006296931	0.462196085927	
0.0873122202911	0.0917660043963	0.688392610028	0.406703057661	0.395168130536	0.126682242068	0.109904415513	0.56099481801	0.0384846900792	-821.572455525	1644.29516086	-821.458227397	0.0736766670706	0.080207392937	0.207238969645	0.10765628767	0.665661239476	0.426917774132	0.991792421589	0.136100168265	
0.141854403211	0.0576295724443	0.428634864663	0.08258040548	0.0325756064985	0.437793590807	0.275877368554	0.511518019098	0.0908727818129	0.579649463408	0.699899895306	0.388491941818	0.221085099003	0.419876150316	0.976606459437	0.201630831949	0.94906290428	0.0518434231289	0.432251946691	0.291237290011	
0.055351873253	0.835059897815	0.148757315283	0.369387862973	0.304152274407	0.89782237205	0.457317005286	0.127741339271	0.309916343349	0.161278138821	0.319308528878	0.84023680498	0.0549452466389	0.34618001052	0.745517578969	0.256601491369	0.344587488305	0.761139688161	0.205933644751	0.96764317543	
0.307098212736	0.373416529614	0.358038486048	0.418259970565	0.824577952269	0.73119356097	0.0823883503675	0.298778351389	0.101591208948	0.624108897356	0.0842527466482	0.0923462670763	0.243279807947	0.264249454602	0.626240831498	0.272778220262	0.200338049582	0.236678332826	0.268890128826	0.0975757313423	
0.247922618442	0.125446167155	0.264331456537	0.926031937929	0.128876746194	0.365064547644	0.741152947333	0.146587423812	0.659541019892	0.215894601373	-821.458227397	1644.29516086	-820.694964346	0.96235967497	0.21049830231	0.731455340483	0.144900038567	0.146505002443	0.101014316186	0.280899973526	
0.0997298259591	0.639569744244	0.797916984355	0.182232772427	0.249111736227	0.348955956655	0.180452074333	0.448420562428	0.226713347853	0.202496292195	0.694631086349	0.834712831898	0.533595401099	0.942122137698	0.318101875954	0.824232019009	0.084770296203	0.187011733532	0.612636233145	0.204393273171	
0.873652255392	0.19496067621	0.825274924454	0.342264966572	0.554097934925	0.34643185185	0.546045376498	0.255528552779	0.859528557994	0.614339414245	0.349820275132	0.61789661091	0.217109859317	0.198125474395	0.403215834253	0.340732254185	0.340312000015	0.378185521713	0.235958199471	0.287803335724	
0.158119140924	0.400310672013	0.186381421167	0.1848597908	0.499134142138	0.364554866483	0.0514384212487	0.154600310759	0.0736101310764	0.296021002673	0.0434390796818	0.0642845657216	0.135751990573	0.0966929487533	0.387564904503	0.264322890653	0.154626339654	0.180880666125	0.102896589119	0.0553597375108	
0.245713724156	0.112124156357	0.119037607824	0.613100580423	0.0764456708011	0.247254346524	0.609337701256	0.0647602757166	0.977378952084	0.234259473117	0.0736766670706	-820.694964346	1644.29516086	-820.671606744	0.0894718506834	0.494512169531	0.0731384461312	0.085501040219	0.0434192396423	0.242116284279	
0.0625669874277	0.787119217633	0.458876736991	0.118900594983	0.264168135494	0.130142833495	0.0954737615228	0.238604865586	0.188563332194	0.091975256091	0.316373437875	0.397322604771	0.236288389946	0.540054605971	0.112518502072	0.516106673103	0.0393589000961	0.153124590791	0.372047659153	0.117290604904	
0.996825012747	0.0912999830325	0.81071385228	0.171939748534	0.383044475893	0.125096852353	0.207105119332	0.215367399704	0.464124978393	0.305782885009	0.227621751109	0.27077023279	0.144411659902	0.083014523351	0.168252563291	0.144617697288	0.155305810391	0.17330764018	0.119168537641	0.119316828049	
0.279262863256	0.255799914581	0.133281598949	0.313144666766	0.465463258798	0.326707694001	0.0483864898745	0.34603678211	0.0620495934444	0.464155683576	0.0370037376504	0.0689732687099	0.105101058582	0.160200732168	0.347010937499	0.39859093406	0.268717364752	0.122848938858	0.131807467202	0.0420108921706	
0.143147999267	0.0650056140193	0.107010356025	0.556269170799	0.0538503424839	0.275490932641	0.735676719984	0.0799602374914	0.818529513271	0.121178127153	0.080207392937	0.96235967497	-820.671606744	1644.29516086	-821.473143003	0.847104144121	0.0627370258948	0.0612294150179	0.0464515965001	0.136997209391	
0.0614115200651	0.718633135272	0.401719338253	0.165735681282	0.439760884206	0.221758794655	0.102654234807	0.185864484053	0.152070547818	0.100798900827	0.30298286858	0.627875750489	0.471352604933	0.707780554343	0.142682372943	0.647829787906	0.0382436235525	0.201959302092	0.252306948577	0.102387686704	
0.979236550092	0.0758208297671	0.523735202174	0.1800894042	0.232751591514	0.155430399299	0.362777501223	0.132363170819	0.647412911865	0.61816994062	0.138326485028	0.24432610897	0.302116648111	0.133701746583	0.164632872443	0.23275086484	0.208528466477	0.149872534649	0.165723590008	0.110086016978	
0.735463240027	0.0506871807123	0.0674987550359	0.85061230184	0.210759829991	0.149829875635	0.0623828999226	0.932999631845	0.0470743969639	0.721716016466	0.0423314060286	0.0852678335568	0.0727841101441	0.925336084536	0.0945759767836	0.161547467915	0.276186195889	0.0490067924895	0.512804663095	0.0324306265613	
0.0359462014942	0.0223937794433	0.0865299726278	0.163120947764	0.0331140283189	0.17809387477	0.248002402453	0.344353157449	0.0450573390577	0.0266107558914	0.207238969645	0.21049830231	0.0894718506834	-821.473143003	1644.29516086	-821.050078406	0.0729559332241	0.0403104558167	0.138935811193	0.0374083732378	
0.0788770384609	0.0877995232614	0.133088827143	0.244676057698	0.152246244781	0.802427301817	0.168242643086	0.104765484861	0.0636887013307	0.224135527351	0.179384905935	0.743882906337	0.961031104299	0.488963476616	0.484692440998	0.226447885382	0.0760696874566	0.144968744826	0.0839614678173	0.0904304605877	
0.0867020348881	0.0685671570873	0.0675986612531	0.209459954972	0.0619933862028	0.34065421276	0.925288672746	0.0414467721192	0.407386719087	0.81759687661	0.0466265410882	0.173381508037	0.552634809221	0.902130395052	0.138778418522	0.407296988879	0.482167438321	0.131071563029	0.430681560191	0.135381907945	
0.788913937743	0.159641079026	0.0916256112107	0.791346055516	0.441004865962	0.222103933827	0.0658574919206	0.925963864768	0.07000300929	0.866695770994	0.0338225248945	0.115206873998	0.098129543952	0.386563636708	0.173268876429	0.641356798958	0.664769999997	0.0964375282347	0.264937498678	0.032800210849	
0.0881208504467	0.0409855749817	0.0832250361348	0.336754561133	0.0389228123761	0.411243709765	0.83803115994	0.168473014268	0.24283522579	0.0637425964225	0.10765628767	0.731455340483	0.494512169531	0.847104144121	-821.050078406	1644.29516086	-821.579930581	0.0484575855209	0.0639873359029	0.0805860980912	
0.0899082397979	0.480116194903	0.23488363794	0.394809114883	0.681079002411	0.426542423753	0.172788724741	0.162153683594	0.148903600198	0.169849075926	0.232805487743	0.862970521626	0.945533451496	0.750684386374	0.238229998171	0.455252343653	0.0443600164104	0.380485514264	0.157618447719	0.119826378724	
0.546737010819	0.0642057618157	0.224509873192	0.269826751959	0.126833022268	0.198521994877	0.729748735263	0.0889814767431	0.62529937217	0.942616005929	0.0792647741328	0.214047897521	0.853025986843	0.423272761824	0.135302703271	0.300134578825	0.460794936358	0.152398031053	0.414722722135	0.115704469754	
0.109409731073	0.219053172529	0.719049533174	0.173738683119	0.550224246435	0.319118500046	0.598389662507	0.0505801699678	0.451695536158	0.210794627154	0.591162598684	0.188682197357	0.972561573718	0.137006424159	0.100538491641	0.0483277095016	0.0474651325207	0.595649018768	0.578737190484	0.579106828367	
0.316267197121	0.409098806701	0.276438483039	0.241127155377	0.669391457705	0.232376146133	0.130733705001	0.548852732842	0.0402744996321	0.255927262971	0.665661239476	0.144900038567	0.0731384461312	0.0627370258948	0.0729559332241	-821.579930581	1644.29516086	-820.719316636	0.654879111759	0.48011867799	
0.470507038657	0.0855265344732	0.22423789258	0.112900235414	0.0335091270555	0.099907615488	0.591945298067	0.908563856487	0.287603398986	0.811643247978	0.342611998582	0.156200505904	0.0953298710534	0.186064458972	0.480610374434	0.0795164890833	0.700189813902	0.0765637022136	0.6662139188	0.851834750257	
0.0576207306802	0.696244041106	0.245691617194	0.668613130145	0.549091797477	0.256546198275	0.147940937791	0.497787196356	0.111115814483	0.0644319985456	0.578621010477	0.688109103693	0.0404532246403	0.175856804626	0.274620720908	0.0619728714222	0.367320953153	0.96772296036	0.23972246972	0.916503219027	
0.0559344427652	0.221772760946	0.931125681241	0.0853914566993	0.427559614872	0.392862686886	0.258611590034	0.0314460513053	0.256671388199	0.11273369227	0.737649974838	0.0857858783036	0.906701751041	0.0770393853798	0.141778123424	0.0333403380771	0.0292584075003	0.567251281321	0.244444623615	0.900047970069	
0.385968386066	0.685140356424	0.378643572599	0.292813907178	0.978672080388	0.128889505771	0.0915661566353	0.190088351252	0.0517603025743	0.421147399036	0.426917774132	0.146505002443	0.085501040219	0.0612294150179	0.0403104558167	0.0484575855209	-820.719316636	1644.29516086	-821.274376543	0.689340473921	
0.197075597595	0.0776566073961	0.297137176804	0.0566073422825	0.024546203292	0.068440735767	0.240905322167	0.851508002049	0.198363808222	0.355608151962	0.383632285818	0.109321374342	0.0583363203498	0.151492089649	0.262041660892	0.0841762521813	0.53814117522	0.0453491068129	0.828568521093	0.536937195987	
0.0622972017197	0.842191965816	0.351140020963	0.333720897762	0.805779246522	0.198277773328	0.0903955855722	0.578624480581	0.100784732309	0.0468764789561	0.916989728097	0.671919036943	0.0252271830261	0.0747631659041	0.322081839669	0.0534626606393	0.156162750269	0.86461919811	0.100605190093	0.820495922191	
0.0968470192274	0.0557535465017	0.416759538377	0.174954226817	0.247762678407	0.335069330548	0.154450108276	0.0648510016503	0.0906631488335	0.179140473066	0.717862839213	0.0661488102176	0.341372872229	0.375333030503	0.119907962873	0.0290945937974	0.0337669316031	0.113043303294	0.712057107577	0.422833821419	
0.0643607532574	0.0740593056433	0.466454908154	0.210865974992	0.333144989713	0.0894028862078	0.0688347232925	0.526947059151	0.0242124488536	0.0552997944491	0.991792421589	0.101014316186	0.0434192396423	0.0464515965001	0.138935811193	0.0639873359029	0.654879111759	-821.274376543	1644.29516086	-821.549377516	
0.130883443989	0.0376003563359	0.225960454391	0.0625961191388	0.0226947773745	0.257476732964	0.233282770004	0.360922376589	0.0690114626324	0.513118432156	0.407595527643	0.207999073722	0.13053941425	0.216927929683	0.861750809805	0.104925186238	0.988061247844	0.0385970352087	0.268690577526	0.242082624956	
0.0338502974063	0.713771462023	0.0889901952638	0.274498610586	0.190138591036	0.659545446643	0.264665690673	0.0948779471646	0.158397740263	0.0916014159333	0.213444804439	0.579407971282	0.0381214087719	0.260874452016	0.475533475665	0.1436257769	0.247090783005	0.598998083595	0.154877781206	0.881223865229	
0.079414440354	0.857194861112	0.605146895373	0.103256940109	0.642060663194	0.278028679446	0.287674135926	0.0398963699485	0.488758976189	0.153499209681	0.152177824214	0.15754929217	0.847628349576	0.0527333244267	0.125562005357	0.0817942606602	0.0568158320941	0.969828145027	0.15102714439	0.256471843924	
0.985391933406	0.982161610001	0.142854515289	0.305046125631	0.451255477965	0.31003211728	0.237126965148	0.126916563711	0.154493390555	0.992664276737	0.136100168265	0.280899973526	0.242116284279	0.136997209391	0.0374083732378	0.0805860980912	0.48011867799	0.689340473921	-821.549377516	1644.29516086	
-821.377788301	0.304076618429	0.250762395061	0.10481236895	0.0566903109638	0.0501318230094	0.282566671697	0.858252310591	0.627581662061	0.262963809219	0.247609188673	0.117031857759	0.067275378107	0.165713495136	0.127768835698	0.0906820783365	0.113544054564	0.108138272418	0.864506650578	0.64285112483	
0.19016791557	0.272578498967	0.843006691967	0.429048037113	0.919465330473	0.0948592217119	0.079936967189	0.996446621026	0.102162381476	0.0555574541002	0.837465383379	0.436034598438	0.0401048340336	0.0655324124138	0.148862402436	0.041098259028	0.186237384815	0.637074894142	0.133904594491	0.346211753011	
0.262147523086	0.360797533476	0.129675990849	0.283141333735	0.409383188414	0.081028159727	0.997542001586	0.072856604793	0.973382637439	0.304034741252	0.0670834812766	0.958864939936	0.616909764593	0.0812421669331	0.0336396410823	0.147950929124	0.1534390136	0.629296849447	0.391660025803	0.0675487480936	
0.345981424744	0.202856762517	0.0483586073291	0.0827843895475	0.0896768783841	0.72452824952	0.265747670506	0.631950706075	0.0349859227043	0.183467574902	0.141854403211	0.0997298259591	0.0625669874277	0.0614115200651	0.0788770384609	0.0899082397979	0.470507038657	0.197075597595	0.130883443989	-821.377788301	
1644.29516086	-821.48870115	0.0648812465309	0.537116887784	0.0843886893648	0.0530165475352	0.980890859699	0.483578752119	0.789790076999	0.830057997822	0.0859747454499	0.106172279124	0.102428363625	0.101365393937	0.167114374059	0.0385501854192	0.101446559889	0.370864864598	0.204570748659	0.945457537368	
0.062035789054	0.0937935719207	0.14190693991	0.88796760342	0.165843831995	0.0699446371273	0.10207943958	0.429918139554	0.0561275262091	0.0569340756382	0.124067749266	0.17784259285	0.0902107786223	0.246800950435	0.0573012942391	0.029598349506	0.660284134075	0.442264289219	0.676470457119	0.215089471342	
0.299891033239	0.809528335635	0.115422513381	0.274930813713	0.563818317281	0.150956492218	0.114941715846	0.17030217729	0.196074777571	0.414572188772	0.0306983921651	0.211749338388	0.183996623196	0.0736379031589	0.104561736795	0.745043198543	0.424953614805	0.34874502332	0.12075813373	0.0376691173572	
0.454913879053	0.144020979965	0.0542243994751	0.245552394668	0.0537617336116	0.699398688548	0.94065757757	0.0983691467073	0.569728121068	0.316023537808	0.0576295724443	0.639569744244	0.787119217633	0.718633135272	0.0877995232614	0.480116194903	0.0855265344732	0.0776566073961	0.0376003563359	0.304076618429	
-821.48870115	1644.29516086	-821.484612355	0.378589517955	0.632168409756	0.0756534790737	0.211531625659	0.273538852584	0.588024444093	0.147618236005	0.13962496229	0.253909727917	0.213955796564	0.287454035873	0.090337690668	0.155059213059	0.0320128877225	0.581723786522	0.268491008061	0.230536969701	
0.893130123468	0.0578743893844	0.635025811944	0.335801534265	0.26407357634	0.0688083881313	0.150719286976	0.362410070523	0.180958302053	0.188501055222	0.145505799304	0.173274198	0.256263236428	0.112990354674	0.0737291354558	0.0607526387213	0.288857704436	0.180707934602	0.268398208909	0.0949064040815	
0.114549225308	0.159169537617	0.781651779556	0.192761920521	0.599577321481	0.999026841584	0.062636599442	0.116958739462	0.0659950898404	0.281901825922	0.283679299044	0.0461218309126	0.272718510609	0.288221024218	0.980246040614	0.0661785248111	0.0568462636259	0.167657166119	0.271618948643	0.321938148288	
0.153320516942	0.132727330929	0.876057116038	0.9987748914	0.367022897008	0.130132665243	0.213580266137	0.127851706404	0.252750114068	0.164779468146	0.428634864663	0.797916984355	0.458876736991	0.401719338253	0.133088827143	0.23488363794	0.22423789258	0.297137176804	0.225960454391	0.250762395061	
0.0648812465309	-821.484612355	1644.29516086	-821.581749759	0.0586522757031	0.416650396963	0.115439147687	0.481282809596	0.101491300315	0.175912011991	0.994994427488	0.632358608024	0.261768188987	0.860444081237	0.489984272279	0.878310551362	0.227591034814	0.0570922232686	0.783838126333	0.157458819899	
0.286385348436	0.621751388292	0.61739625642	0.212090298131	0.719945649194	0.737661703019	0.437375527373	0.187771105398	0.859311531958	0.321714530857	0.652781735214	0.909472817113	0.0667884665192	0.129536593219	0.954604758306	0.503449455623	0.181273044979	0.502422197032	0.110685025322	0.596667787874	
0.908148657371	0.27067377366	0.0632488445229	0.759230525731	0.380071101318	0.0737979975442	0.341430134296	0.359548748517	0.339700980361	0.73800360553	0.0282192984646	0.845936535514	0.174000936482	0.141068684112	0.0387348245008	0.785542412061	0.893321261792	0.211718069524	0.330032267718	0.0272990591304	
0.151223049979	0.0606930183356	0.0354862139475	0.0918710500547	0.0340611321841	0.94396645399	0.753345068966	0.425237605787	0.0615471663008	0.0820612515072	0.08258040548	0.182232772427	0.118900594983	0.165735681282	0.244676057698	0.394809114883	0.112900235414	0.0566073422825	0.0625961191388	0.10481236895	
0.537116887784	0.378589517955	-821.581749759	1644.29516086	-821.110627342	0.0952618827324	0.694459964347	0.203159455372	0.529302768602	0.438777425814	0.0787807931215	0.233686418794	0.352292049801	0.17949425043	0.148886411952	0.0644039383984	0.0423237196326	0.983432796171	0.113105900551	0.36827572784	
0.142692761286	0.0449876850338	0.126567833544	0.664061050897	0.0906412185092	0.0709343570007	0.221491985875	0.155188557232	0.100248047785	0.178747394884	0.0588436882891	0.120311273611	0.622338553878	0.518035119576	0.0486549870962	0.0495797376512	0.846620116868	0.180631236311	0.960165233971	0.0988023198572	
0.533247129358	0.17437168817	0.0349716547251	0.347589893409	0.182624268278	0.0558416115204	0.0567998934863	0.427500166718	0.072798544274	0.397795318504	0.0138876521787	0.158074591506	0.0544868079158	0.0769748756034	0.0435953051599	0.994288183645	0.951840910598	0.0779705585246	0.0851832434977	0.0145282555459	
0.0814933465056	0.0315662164593	0.024243176814	0.0836078539267	0.0180900276636	0.441231115682	0.772286338902	0.0765050707196	0.165486581098	0.0536495500175	0.0325756064985	0.249111736227	0.264168135494	0.439760884206	0.152246244781	0.681079002411	0.0335091270555	0.024546203292	0.0226947773745	0.0566903109638	
0.0843886893648	0.632168409756	0.0586522757031	-821.110627342	1644.29516086	-821.573922689	0.120680605295	0.0755764438581	0.181942683665	0.0832248729148	0.0559870656758	0.20129202681	0.309319693348	0.164109321735	0.0588297033313	0.0883521756093	0.0171162362006	0.767452343002	0.0642562575635	0.0818449242948	
0.402972321628	0.023139900657	0.118117982847	0.156013708542	0.057140469931	0.0427396775675	0.149195979582	0.0708987825675	0.114947556787	0.252811540865	0.0359526671649	0.0620987194653	0.825824540559	0.148707800871	0.0340910963468	0.0524510976584	0.233936804713	0.0617347054426	0.283998985069	0.039370433656	
0.29025839139	0.0505425480839	0.152895106498	0.48964891367	0.262642241728	0.456345684884	0.0468291438437	0.505482025964	0.0376241257303	0.489130501512	0.0977329656059	0.0455035707659	0.092243571892	0.985706574782	0.340588387249	0.0767673515794	0.0978868240309	0.0528699059544	0.482137976553	0.0714341022372	
0.040370852065	0.0294943964997	0.315498073186	0.43855691703	0.0678948174777	0.107014310569	0.170354127277	0.226871135444	0.0650753531956	0.0339853588031	0.437793590807	0.348955956655	0.130142833495	0.221758794655	0.802427301817	0.426542423753	0.099907615488	0.068440735767	0.257476732964	0.0501318230094	
0.0530165475352	0.0756534790737	0.416650396963	0.0952618827324	-821.573922689	1644.29516086	-821.537025101	0.147631207249	0.0504995135626	0.182525998527	0.542271022553	0.910202617639	0.815709298243	0.821202815747	0.761016724066	0.650570571028	0.157143166284	0.0648868287073	0.156741235373	0.0835430222424	
0.104603211523	0.175324219492	0.106278568149	0.16430035553	0.11430356547	0.879046328481	0.977365129039	0.0485370157994	0.866487938497	0.848924828456	0.0927635225222	0.391897118755	0.180201212085	0.498999654194	0.510445906526	0.959754101602	0.276518885551	0.19813050438	0.188929751414	0.275698248518	
0.500110560619	0.369209012642	0.199720478428	0.585301931395	0.671764495479	0.148464332993	0.946000325753	0.14381944509	0.831677507918	0.614298496359	0.0968658373818	0.88751879159	0.71045285559	0.179731975875	0.0562350211588	0.207440751529	0.233304554357	0.593995693869	0.749083889185	0.0908310574354	
0.320422542645	0.180144431946	0.0819051816613	0.151232798022	0.11672481843	0.858096619731	0.431234135038	0.909294753847	0.0481517044365	0.176279813347	0.275877368554	0.180452074333	0.0954737615228	0.102654234807	0.168242643086	0.172788724741	0.591945298067	0.240905322167	0.233282770004	0.282566671697	
0.980890859699	0.211531625659	0.115439147687	0.694459964347	0.120680605295	-821.537025101	1644.29516086	-820.980914935	0.727105536825	0.983257745353	0.162588260016	0.231868869234	0.222400607986	0.212153177385	0.366227231675	0.0699040211303	0.162216047802	0.448521216814	0.313021872595	0.962164989971	
0.0917959672971	0.149574701824	0.201290685772	0.992850221769	0.236231487076	0.142030923968	0.230337198912	0.414256556869	0.110391487025	0.114446655972	0.169972630497	0.33368062194	0.156779793325	0.525558111228	0.103979468886	0.0555609320952	0.94409310739	0.669702893423	0.92150280976	0.379586969426	
0.199201405872	0.606376310751	0.872412254677	0.307548659582	0.959722845937	0.595899695613	0.506274793696	0.0911218547192	0.544223242624	0.431984124812	0.346268016027	0.255772188494	0.993735336372	0.175347604665	0.210978124873	0.112010162735	0.0951124068807	0.89610028911	0.587030607275	0.420934242614	
0.699270995466	0.617424093474	0.335299445115	0.570803834696	0.592879588106	0.510244611697	0.375456520079	0.4618367399	0.117502077405	0.585383983139	0.511518019098	0.448420562428	0.238604865586	0.185864484053	0.104765484861	0.162153683594	0.908563856487	0.851508002049	0.360922376589	0.858252310591	
0.483578752119	0.273538852584	0.481282809596	0.203159455372	0.0755764438581	0.147631207249	-820.980914935	1644.29516086	-821.05318723	0.772401937679	0.595001969586	0.331592105712	0.182034322884	0.429264600567	0.50340791186	0.177951242342	0.357319930547	0.159073327005	0.97505496333	0.923100952887	
0.181893638473	0.619149758149	0.730241412432	0.874457310337	0.931130672311	0.315381804558	0.252954482848	0.861962157541	0.242654568556	0.13025442363	0.85144684129	0.908051303065	0.0764190630695	0.2183664355	0.38432682486	0.0986071467777	0.552929625438	0.996147593289	0.364498885863	0.876983531873	
0.248040225056	0.951118328914	0.167360846223	0.249457985303	0.641349454391	0.114326798767	0.67314632506	0.0804843788028	0.932807267073	0.336403110775	0.052672996126	0.781427945614	0.608313305195	0.0629548618871	0.0530444799326	0.321718348099	0.225339155212	0.927163987277	0.214053393387	0.0646937056028	
0.866528947032	0.415915163839	0.0530185127882	0.140622515611	0.098083891811	0.920625338867	0.595029470057	0.250572683981	0.106367144869	0.562136216231	0.0908727818129	0.226713347853	0.188563332194	0.152070547818	0.0636887013307	0.148903600198	0.287603398986	0.198363808222	0.0690114626324	0.627581662061	
0.789790076999	0.588024444093	0.101491300315	0.529302768602	0.181942683665	0.0504995135626	0.727105536825	-821.05318723	1644.29516086	-821.19396852	0.111766284068	0.133959547148	0.11299191565	0.145980247375	0.116195427709	0.0602376553687	0.0601081919203	0.580156504389	0.354282055712	0.852418547157	
0.198288491016	0.0879868773345	0.429513614478	0.79456564029	0.330333212435	0.0634210026128	0.100479889364	0.847870498612	0.0799418693759	0.0738530145583	0.208210684895	0.208731460256	0.113668320792	0.140994414381	0.0645709863984	0.0333537422718	0.491802518747	0.409087789938	0.475137970694	0.171625423043	
0.435261738345	0.250201118253	0.319357275164	0.613087667033	0.720037003138	0.240952279532	0.817753397441	0.151647429167	0.576516632295	0.634621548859	0.186480041374	0.547086532559	0.787499484694	0.308717639272	0.0813889120793	0.131001548658	0.154086172302	0.479573420064	0.954907335512	0.155754748623	
0.240129599216	0.167877321886	0.14890168567	0.218422849114	0.185579472734	0.618375978444	0.324256712245	0.987612731547	0.0452777742569	0.148682566898	0.579649463408	0.202496292195	0.091975256091	0.100798900827	0.224135527351	0.169849075926	0.811643247978	0.355608151962	0.513118432156	0.262963809219	
0.830057997822	0.147618236005	0.175912011991	0.438777425814	0.0832248729148	0.182525998527	0.983257745353	0.772401937679	-821.19396852	1644.29516086	-821.372906933	0.32071718028	0.270840552122	0.298806233993	0.675877146875	0.0964707520251	0.351617144628	0.243944523573	0.410756216213	0.923535229538	
0.0814213052017	0.283763636416	0.203090126232	0.980216673433	0.294450937758	0.278077918312	0.345502768764	0.341320064576	0.158983630689	0.14224576922	0.231688687908	0.544885852666	0.128186549716	0.647367517127	0.188981305097	0.0861273267876	0.934384497038	0.863995112731	0.82999488196	0.675084400738	
0.142833342655	0.150794507627	0.856751809593	0.256705800307	0.674307631965	0.999851276153	0.0846817314258	0.13420734403	0.0808358752689	0.35596187902	0.420844148918	0.0570153502978	0.361894346693	0.430361441733	0.891998834118	0.0658317773921	0.0610694981203	0.18736731197	0.445772490282	0.416519980104	
0.149670101541	0.134617186251	0.943945098583	0.988465166652	0.4434845213	0.150954810373	0.214400077827	0.206673116132	0.157941365005	0.14945312024	0.699899895306	0.694631086349	0.316373437875	0.30298286858	0.179384905935	0.232805487743	0.342611998582	0.383632285818	0.407595527643	0.247609188673	
0.0859747454499	0.13962496229	0.994994427488	0.0787807931215	0.0559870656758	0.542271022553	0.162588260016	0.595001969586	0.111766284068	-821.372906933	1644.29516086	-820.938771838	0.315921045395	0.886038671064	0.749070398893	0.777799654219	0.391751226571	0.062359357767	0.811106785242	0.211980382033	
0.203112434884	0.797272995083	0.508545612838	0.291501031191	0.701558729434	0.91554894789	0.56662050541	0.195694531218	0.841764243351	0.338771906018	0.654791765236	0.981673207529	0.0727544487004	0.193443918525	0.991153603651	0.543374042042	0.255021734295	0.679633594931	0.149717336091	0.824496644995	
0.595268837672	0.14428343057	0.252164648295	0.81927559109	0.675286846183	0.653385980961	0.086998826235	0.714304912385	0.0797246075622	0.897292081151	0.0971684792546	0.0973640712837	0.188740082176	0.854476132815	0.448851102245	0.220575830354	0.245668128603	0.127064993146	0.614888796081	0.0853086770187	
0.100561462347	0.0591898861567	0.299205150819	0.752083595664	0.0949099772663	0.312864704483	0.558885336968	0.320445142791	0.173711681878	0.0787730249403	0.388491941818	0.834712831898	0.397322604771	0.627875750489	0.743882906337	0.862970521626	0.156200505904	0.109321374342	0.207999073722	0.117031857759	
0.106172279124	0.253909727917	0.632358608024	0.233686418794	0.20129202681	0.910202617639	0.231868869234	0.331592105712	0.133959547148	0.32071718028	-820.938771838	1644.29516086	-820.678719903	0.996163499225	0.735760482782	0.814240932755	0.136919014703	0.173410690198	0.348459039276	0.18252349458	
0.331259431662	0.204887970934	0.304325585915	0.387741804766	0.257771316434	0.723464848936	0.992855680263	0.117178939028	0.969454077802	0.964801221833	0.176582201689	0.622936402027	0.377209892198	0.605105639994	0.500303742569	0.742665477416	0.572095061897	0.373479653166	0.405789707987	0.369138905876	
0.862733865232	0.102017342635	0.110509996786	0.946040952963	0.431648450099	0.27682164618	0.078315083713	0.977966530787	0.068185057019	0.938541239282	0.050706793414	0.11341210587	0.113324499528	0.843186149531	0.180330652116	0.323191684918	0.443845813656	0.0844556645274	0.534743672984	0.0430939433828	
0.0657879042954	0.036244798062	0.123523100545	0.346032677895	0.0473217218943	0.32676278966	0.562088051726	0.325748347084	0.107086812775	0.0480046855437	0.221085099003	0.533595401099	0.236288389946	0.471352604933	0.961031104299	0.945533451496	0.0953298710534	0.0583363203498	0.13053941425	0.067275378107	
0.102428363625	0.213955796564	0.261768188987	0.352292049801	0.309319693348	0.815709298243	0.222400607986	0.182034322884	0.11299191565	0.270840552122	0.315921045395	-820.678719903	1644.29516086	-820.811068176	0.518599088967	0.459942600846	0.0790268868763	0.246826184848	0.159693436425	0.135814970565	
0.229742366757	0.0938993865248	0.152439237954	0.324542086212	0.118400740303	0.405870375676	0.981449666512	0.0737040962097	0.720169150304	0.982851528743	0.0808583125018	0.295082048146	0.727930779779	0.803322563671	0.208391587749	0.50985514874	0.623552139176	0.204919623598	0.53151875773	0.185723719513	
0.414864163128	0.180751458091	0.385998943623	0.639297711391	0.771362184415	0.861570815449	0.0861472943088	0.476514609632	0.0843202912395	0.789173196352	0.128605200408	0.0862877753559	0.23636292374	0.698168590363	0.678078304248	0.182220059921	0.178262412915	0.159235847579	0.535862564913	0.121177565124	
0.132227929407	0.0808094754214	0.438918886445	0.936032120094	0.1389827432	0.290044036189	0.535097790258	0.261452381493	0.246770277734	0.110217178267	0.419876150316	0.942122137698	0.540054605971	0.707780554343	0.488963476616	0.750684386374	0.186064458972	0.151492089649	0.216927929683	0.165713495136	
0.101365393937	0.287454035873	0.860444081237	0.17949425043	0.164109321735	0.821202815747	0.212153177385	0.429264600567	0.145980247375	0.298806233993	0.886038671064	0.996163499225	-820.811068176	1644.29516086	-820.938130097	0.924339942687	0.158547758995	0.143190053949	0.518558469671	0.199358948323	
0.419443492008	0.291019558417	0.463152937476	0.379957275739	0.40370923594	0.773060258783	0.938756956094	0.154971958617	0.991830982255	0.874980927081	0.281100241624	0.785060634513	0.246861825211	0.412229794281	0.676753344105	0.732997659732	0.470869789696	0.461336608211	0.30911172061	0.46118877873	
0.312537918435	0.0988306705072	0.450154791665	0.575577948934	0.572426304603	0.642033282458	0.162790298855	0.237191817239	0.1100772575	0.598588317585	0.348391010008	0.105397190235	0.365491001059	0.893567929121	0.263676049229	0.0746781773145	0.0904967261733	0.151181592162	0.966517305122	0.232182673887	
0.0923085044558	0.0762626634649	0.535853461757	0.515407451753	0.22004953694	0.208377638998	0.204599095249	0.718189801787	0.0537421459397	0.0733618493334	0.976606459437	0.318101875954	0.112518502072	0.142682372943	0.484692440998	0.238229998171	0.480610374434	0.262041660892	0.861750809805	0.127768835698	
0.167114374059	0.090337690668	0.489984272279	0.148886411952	0.0588297033313	0.761016724066	0.366227231675	0.50340791186	0.116195427709	0.675877146875	0.749070398893	0.735760482782	0.518599088967	-820.938130097	1644.29516086	-821.320901703	0.633412636955	0.0886405561549	0.412314290115	0.308775785492	
0.0872381407298	0.560306362334	0.179399465834	0.504565076576	0.28148466024	0.952549762221	0.838258331357	0.127645079889	0.539507911322	0.367795420003	0.247010199687	0.841490636609	0.116369308555	0.673296354846	0.699276952009	0.4338374343	0.594944325331	0.714594969376	0.379517135595	0.870735861987	
0.143688845417	0.0884202364525	0.247587188825	0.222844542548	0.340188413375	0.786873578565	0.0342903067271	0.239163852722	0.0355487946366	0.305311908646	0.0882740745949	0.0336561914037	0.0977520616825	0.376232694349	0.935561969973	0.0854016991807	0.0773252419908	0.0713530461621	0.179985429352	0.0883031781164	
0.0688463882201	0.0482980770662	0.433175417534	0.894414241812	0.0961865639642	0.100624184379	0.225408348463	0.084851479474	0.300511721708	0.0672219937731	0.201630831949	0.824232019009	0.516106673103	0.647829787906	0.226447885382	0.455252343653	0.0795164890833	0.0841762521813	0.104925186238	0.0906820783365	
0.0385501854192	0.155059213059	0.878310551362	0.0644039383984	0.0883521756093	0.650570571028	0.0699040211303	0.177951242342	0.0602376553687	0.0964707520251	0.777799654219	0.814240932755	0.459942600846	0.924339942687	-821.320901703	1644.29516086	-821.559556417	0.0580911658051	0.294925731724	0.0732153716496	
0.365227342117	0.191660743899	0.31059143608	0.121204845743	0.25062088682	0.585074999238	0.608461799832	0.0762210415377	0.993785694495	0.712075609462	0.190131902234	0.466694063903	0.114383814449	0.138388993569	0.644015532213	0.867091173835	0.143397278132	0.186492226006	0.0964327050868	0.218620634737	
0.0589885183996	0.0530440861826	0.538561826681	0.101694890826	0.202698990094	0.336125441873	0.126859254975	0.0404140021849	0.0811641961282	0.111143869499	0.94797706801	0.0491475853862	0.357175985993	0.20376779092	0.12296819344	0.0217428213023	0.0235486756937	0.115339816986	0.444517522413	0.708585431007	
0.0677707223034	0.0936987300583	0.559632982251	0.199344791997	0.550820891647	0.0660094344317	0.0515814823103	0.306885800301	0.0230901156217	0.0633980109113	0.94906290428	0.084770296203	0.0393589000961	0.0382436235525	0.0760696874566	0.0443600164104	0.700189813902	0.53814117522	0.988061247844	0.113544054564	
0.101446559889	0.0320128877225	0.227591034814	0.0423237196326	0.0171162362006	0.157143166284	0.162216047802	0.357319930547	0.0601081919203	0.351617144628	0.391751226571	0.136919014703	0.0790268868763	0.158547758995	0.633412636955	-821.559556417	1644.29516086	-821.619316023	0.300045343994	0.209371168833	
0.0298304721173	0.878950287211	0.0913124906722	0.197866450365	0.224821955582	0.518948160072	0.156241094975	0.101936941336	0.120490529487	0.0606215843928	0.288502989352	0.559736093246	0.0253427390738	0.134217152392	0.491451114948	0.1040911011	0.150118899651	0.576049132048	0.0944632218863	0.888819785053	
0.721394480738	0.352706588042	0.0517646150161	0.510249704175	0.316459136847	0.0606620547961	0.226931724848	0.268777977784	0.289844982233	0.547362617193	0.0210626495872	0.720490365864	0.132676459602	0.0846118818244	0.0353478827447	0.951830738093	0.935294473067	0.205627801799	0.174543830089	0.0218137883381	
0.175301997141	0.0616641176188	0.0279464745337	0.0808934030332	0.0281140086995	0.926911389964	0.82584565892	0.208139539592	0.0847178066034	0.0947338109142	0.0518434231289	0.187011733532	0.153124590791	0.201959302092	0.144968744826	0.380485514264	0.0765637022136	0.0453491068129	0.0385970352087	0.108138272418	
0.370864864598	0.581723786522	0.0570922232686	0.983432796171	0.767452343002	0.0648868287073	0.448521216814	0.159073327005	0.580156504389	0.243944523573	0.062359357767	0.173410690198	0.246826184848	0.143190053949	0.0886405561549	0.0580911658051	-821.619316023	1644.29516086	-821.548626729	0.267169569881	
0.202625388257	0.0339714827978	0.141331042344	0.465943059368	0.0844065072941	0.0488165472861	0.144474930253	0.16081909225	0.0833746572595	0.143675901028	0.0529815912366	0.089878867618	0.578507702898	0.262951388415	0.0377067942279	0.0386138386069	0.573241194302	0.127007814885	0.734264031574	0.0674437508316	
0.129462398374	0.519136385403	0.97804973579	0.20383239399	0.909051533823	0.848354634868	0.212225979697	0.077462603712	0.256963385722	0.309139339401	0.38625376164	0.117227982638	0.868231583822	0.152695479815	0.431337311088	0.0864632764473	0.0682632963001	0.702437156124	0.361630504869	0.535768933274	
0.617958056655	0.598983229791	0.536478454322	0.838331968847	0.733673280916	0.297787108104	0.304978174385	0.225320390652	0.196911814157	0.632907320336	0.432251946691	0.612636233145	0.372047659153	0.252306948577	0.0839614678173	0.157618447719	0.6662139188	0.828568521093	0.268690577526	0.864506650578	
0.204570748659	0.268491008061	0.783838126333	0.113105900551	0.0642562575635	0.156741235373	0.313021872595	0.97505496333	0.354282055712	0.410756216213	0.811106785242	0.348459039276	0.159693436425	0.518558469671	0.412314290115	0.294925731724	0.300045343994	-821.548626729	1644.29516086	-821.072589118	
0.253863223203	0.735671398767	0.914497340462	0.540060639597	0.999074326547	0.365478569342	0.234760947859	0.756523450484	0.342964031487	0.139501405133	0.986118090656	0.955258555808	0.0599915181459	0.133713650586	0.582195644508	0.130602103067	0.306575816908	0.935359471702	0.188751317153	0.824482751477	
0.242865117727	0.592687877906	0.381490595645	0.318346117933	0.777430149613	0.203732171479	0.954757749929	0.0805225947	0.94988250283	0.395261825991	0.15751302762	0.664133236042	0.973336833661	0.117919746561	0.072210168023	0.135823961287	0.124559649989	0.932610495906	0.554235963494	0.173526639768	
0.651068547803	0.476000082077	0.113779051481	0.201145078751	0.249188118523	0.723397320626	0.350231913254	0.645235947882	0.0611569455801	0.416895738137	0.291237290011	0.204393273171	0.117290604904	0.102387686704	0.0904304605877	0.119826378724	0.851834750257	0.536937195987	0.242082624956	0.64285112483	
0.945457537368	0.230536969701	0.157458819899	0.36827572784	0.0818449242948	0.0835430222424	0.962164989971	0.923100952887	0.852418547157	0.923535229538	0.211980382033	0.18252349458	0.135814970565	0.199358948323	0.308775785492	0.0732153716496	0.209371168833	0.267169569881	-821.072589118	1644.29516086	
-821.543038209	0.248149642453	0.353920681482	0.974118361627	0.480455209992	0.139704346758	0.15815509502	0.806016172196	0.105700314306	0.0820288919831	0.371311997191	0.464973357923	0.0833003506405	0.249406240795	0.133039967315	0.0490416987993	0.696768007618	0.876898075013	0.575689975579	0.527889422571	
0.177141185341	0.40086744815	0.12209772904	0.186784257014	0.412787550254	0.229830104071	0.0491364529932	0.170230222908	0.0722227177435	0.292626552581	0.0312872638241	0.0707617000122	0.107987282527	0.0815171301097	0.235761231901	0.385518131009	0.211436444227	0.158396019578	0.0875565039535	0.0387718775004	
0.219455495098	0.0897938930747	0.0768964517151	0.409578129402	0.0529423875472	0.275917480953	0.69230703274	0.0589248610658	0.968585477102	0.193522255902	0.055351873253	0.873652255392	0.996825012747	0.979236550092	0.0867020348881	0.546737010819	0.0576207306802	0.0622972017197	0.0338502974063	0.19016791557	
0.062035789054	0.893130123468	0.286385348436	0.142692761286	0.402972321628	0.104603211523	0.0917959672971	0.181893638473	0.198288491016	0.0814213052017	0.203112434884	0.331259431662	0.229742366757	0.419443492008	0.0872381407298	0.365227342117	0.0298304721173	0.202625388257	0.253863223203	-821.543038209	
1644.29516086	-821.585326893	0.661477276064	0.158507383294	0.258542064821	0.0893214459433	0.175950942324	0.182769932133	0.34333019368	0.286353595307	0.149200597316	0.183939924485	0.185006882942	0.0801168770807	0.108515530668	0.108991523268	0.151607326514	0.13046473927	0.124954895446	0.0857991020896	
0.061805359032	0.101916796925	0.970499697369	0.106112402119	0.376810548344	0.776499915906	0.110836747473	0.0450387354913	0.093670738245	0.135587392853	0.976793675286	0.048358339915	0.525518729003	0.176432919391	0.355860707971	0.0289777086787	0.0276650290522	0.203789164061	0.340184366666	0.967727702643	
0.138311234835	0.205850823385	0.92977640528	0.534280139552	0.939473908579	0.0861670567181	0.0806974444281	0.19406448784	0.0526005309264	0.14959703038	0.835059897815	0.19496067621	0.0912999830325	0.0758208297671	0.0685671570873	0.0642057618157	0.696244041106	0.842191965816	0.713771462023	0.272578498967	
0.0937935719207	0.0578743893844	0.621751388292	0.0449876850338	0.023139900657	0.175324219492	0.149574701824	0.619149758149	0.0879868773345	0.283763636416	0.797272995083	0.204887970934	0.0938993865248	0.291019558417	0.560306362334	0.191660743899	0.878950287211	0.0339714827978	0.735671398767	0.248149642453	
-821.585326893	1644.29516086	-821.388675846	0.226704003801	0.641534293062	0.615776998112	0.181967518627	0.207033450689	0.229011043152	0.0833490824035	0.790481333517	0.897479601915	0.0288447567424	0.10288780114	0.85541863447	0.149351614737	0.148560255465	0.77412368695	0.0893394174096	0.965279190005	
0.131170192362	0.797458619692	0.599638693718	0.175133754584	0.838434224336	0.584549207143	0.129021959192	0.0843793422667	0.202329292175	0.285920076664	0.115949099382	0.108696240109	0.504124052889	0.0936008344585	0.377405316214	0.152377642286	0.0969515362881	0.630529301577	0.173707644934	0.175259475232	
0.755224798661	0.499396028868	0.227100564668	0.749729718464	0.282426445094	0.352392848281	0.49358814436	0.114083390405	0.578578978438	0.781727662479	0.148757315283	0.825274924454	0.81071385228	0.523735202174	0.0675986612531	0.224509873192	0.245691617194	0.351140020963	0.0889901952638	0.843006691967	
0.14190693991	0.635025811944	0.61739625642	0.126567833544	0.118117982847	0.106278568149	0.201290685772	0.730241412432	0.429513614478	0.203090126232	0.508545612838	0.304325585915	0.152439237954	0.463152937476	0.179399465834	0.31059143608	0.0913124906722	0.141331042344	0.914497340462	0.353920681482	
0.661477276064	-821.388675846	1644.29516086	-821.27531684	0.946103360026	0.169376942935	0.172939269422	0.747801863559	0.316358536256	0.150399920044	0.774048601066	0.60513489606	0.0774451297272	0.0910504285278	0.277747193979	0.0998770432279	0.224705905931	0.527966887989	0.155166888745	0.326570524159	
0.568856447963	0.532036893139	0.333098123033	0.702607171248	0.91896785251	0.270251178815	0.816361113135	0.189664166416	0.756222326646	0.790374461029	0.129075347238	0.730473552024	0.840660293485	0.244725835933	0.0970936081619	0.260499000806	0.265354123372	0.730379626526	0.828007817266	0.12724425921	
0.452527834711	0.245734832215	0.131181753244	0.286089904943	0.170085356442	0.921118838493	0.63020821691	0.860881191636	0.0802178356535	0.264468494992	0.369387862973	0.342264966572	0.171939748534	0.1800894042	0.209459954972	0.269826751959	0.668613130145	0.333720897762	0.274498610586	0.429048037113	
0.88796760342	0.335801534265	0.212090298131	0.664061050897	0.156013708542	0.16430035553	0.992850221769	0.874457310337	0.79456564029	0.980216673433	0.291501031191	0.387741804766	0.324542086212	0.379957275739	0.504565076576	0.121204845743	0.197866450365	0.465943059368	0.540060639597	0.974118361627	
0.158507383294	0.226704003801	-821.27531684	1644.29516086	-821.231646183	0.221281989842	0.349194309558	0.569639746423	0.193260286339	0.178250396936	0.286913339388	0.559045765719	0.189702857843	0.553027413214	0.173306680175	0.0850584870352	0.970480326305	0.857089448274	0.908660822349	0.545209734539	
0.0977875894333	0.547143814207	0.960678535665	0.147137417947	0.818921925881	0.764639673118	0.173453599337	0.060273771947	0.229772072042	0.2259320474	0.32675572232	0.0974227313587	0.799982056494	0.107585423293	0.402628900076	0.0757795525048	0.0570571017228	0.700653803431	0.24518110315	0.508351289356	
0.680831944663	0.699681080557	0.455513809835	0.772457142596	0.733188811914	0.244632302312	0.257912422527	0.156775401557	0.221490062298	0.751440653528	0.304152274407	0.554097934925	0.383044475893	0.232751591514	0.0619933862028	0.126833022268	0.549091797477	0.805779246522	0.190138591036	0.919465330473	
0.165843831995	0.26407357634	0.719945649194	0.0906412185092	0.057140469931	0.11430356547	0.236231487076	0.931130672311	0.330333212435	0.294450937758	0.701558729434	0.257771316434	0.118400740303	0.40370923594	0.28148466024	0.25062088682	0.224821955582	0.0844065072941	0.999074326547	0.480455209992	
0.258542064821	0.641534293062	0.946103360026	-821.231646183	1644.29516086	-821.384329013	0.167168022457	0.793701526013	0.271657942898	0.108174698216	0.995051116802	0.867727648867	0.0488301970486	0.0945872070287	0.476974158448	0.102148264864	0.220305790362	0.83600971005	0.139539221829	0.677036077549	
0.158482715886	0.0668921178514	0.465343013155	0.303603409361	0.382093806116	0.842262795167	0.0688543090439	0.175166394402	0.053846500541	0.34554325792	0.369675358734	0.0475210475012	0.201226373576	0.825903572029	0.548637353998	0.0491423317902	0.054860180507	0.089443319109	0.609592969161	0.253754482433	
0.0636760812129	0.0572866617926	0.8436603758	0.689119904291	0.221881871657	0.103507028825	0.132196922543	0.282676851021	0.0633208822571	0.0577635842575	0.89782237205	0.34643185185	0.125096852353	0.155430399299	0.34065421276	0.198521994877	0.256546198275	0.198277773328	0.659545446643	0.0948592217119	
0.0699446371273	0.0688083881313	0.737661703019	0.0709343570007	0.0427396775675	0.879046328481	0.142030923968	0.315381804558	0.0634210026128	0.278077918312	0.91554894789	0.723464848936	0.405870375676	0.773060258783	0.952549762221	0.585074999238	0.518948160072	0.0488165472861	0.365478569342	0.139704346758	
0.0893214459433	0.615776998112	0.169376942935	0.221281989842	-821.384329013	1644.29516086	-820.873515674	0.0840557161675	0.76194642297	0.395670875968	0.249161366789	0.812631108622	0.0767467848261	0.322075533248	0.953424688029	0.773841629773	0.258714274849	0.459871597516	0.155375407856	0.73191854759	
0.626909644492	0.0940573264947	0.189147099719	0.862610836999	0.500699159902	0.487271045518	0.0845977223426	0.770004589577	0.0687427930204	0.870084455553	0.0948240594129	0.0923666265679	0.154270602011	0.982347886542	0.294504179081	0.16579796447	0.216525271561	0.0935900427563	0.728853037639	0.0746194140093	
0.068808645333	0.0435754694984	0.256542902454	0.521182938451	0.0777498384825	0.248239334077	0.386993310973	0.40921107548	0.0930923101421	0.0530445415215	0.457317005286	0.546045376498	0.207105119332	0.362777501223	0.925288672746	0.729748735263	0.147940937791	0.0903955855722	0.264665690673	0.079936967189	
0.10207943958	0.150719286976	0.437375527373	0.221491985875	0.149195979582	0.977365129039	0.230337198912	0.252954482848	0.100479889364	0.345502768764	0.56662050541	0.992855680263	0.981449666512	0.938756956094	0.838258331357	0.608461799832	0.156241094975	0.144474930253	0.234760947859	0.15815509502	
0.175950942324	0.181967518627	0.172939269422	0.349194309558	0.167168022457	-820.873515674	1644.29516086	-821.565081542	0.873616061896	0.941811751965	0.122135143815	0.509210645832	0.368719956281	0.794838630039	0.430539084886	0.756264220899	0.592304772652	0.31789771661	0.432701386297	0.348727383346	
0.10219314174	0.939902630848	0.455649091287	0.127099342299	0.678141757197	0.213003846288	0.442468388265	0.0452233279135	0.727886613789	0.185889790872	0.11890631665	0.262825251492	0.88348593592	0.0542107938791	0.0926067772699	0.108578377048	0.0751931395362	0.998474030303	0.174116996948	0.182714538347	
0.997919036248	0.954789654337	0.106074089281	0.239213905726	0.317432990896	0.455886388313	0.298676813795	0.162488949758	0.131465736301	0.977665135618	0.127741339271	0.255528552779	0.215367399704	0.132363170819	0.0414467721192	0.0889814767431	0.497787196356	0.578624480581	0.0948779471646	0.996446621026	
0.429918139554	0.362410070523	0.187771105398	0.155188557232	0.0708987825675	0.0485370157994	0.414256556869	0.861962157541	0.847870498612	0.341320064576	0.195694531218	0.117178939028	0.0737040962097	0.154971958617	0.127645079889	0.0762210415377	0.101936941336	0.16081909225	0.756523450484	0.806016172196	
0.182769932133	0.207033450689	0.747801863559	0.569639746423	0.793701526013	0.0840557161675	-821.565081542	1644.29516086	-821.556687874	0.0566462793009	0.647411070237	0.372139968539	0.0489636330446	0.079375136801	0.115414407508	0.0369948254284	0.249072519769	0.635475679257	0.188555977303	0.309695327497	
0.249318928907	0.10492882777	0.28078884095	0.401300097037	0.47856171406	0.819924033375	0.0489466028984	0.391632007045	0.0479575135901	0.517987953341	0.104683661424	0.048776975464	0.132533100375	0.633622633265	0.817871026298	0.116244268402	0.114086603102	0.0899009900443	0.322779912014	0.0972171608261	
0.079427678544	0.053121120652	0.450218746921	0.901796998508	0.105190774367	0.150919890831	0.31866181816	0.146548918322	0.231782747447	0.0715728467702	0.309916343349	0.859528557994	0.464124978393	0.647412911865	0.407386719087	0.62529937217	0.111115814483	0.100784732309	0.158397740263	0.102162381476	
0.0561275262091	0.180958302053	0.859311531958	0.100248047785	0.114947556787	0.866487938497	0.110391487025	0.242654568556	0.0799418693759	0.158983630689	0.841764243351	0.969454077802	0.720169150304	0.991830982255	0.539507911322	0.993785694495	0.120490529487	0.0833746572595	0.342964031487	0.105700314306	
0.34333019368	0.229011043152	0.316358536256	0.193260286339	0.271657942898	0.76194642297	0.873616061896	-821.556687874	1644.29516086	-820.762949893	0.19990626717	0.598799456018	0.176308318554	0.259354228883	0.692467066885	0.919466014581	0.25092044068	0.268352532205	0.164699367102	0.309678689617	
0.542244171349	0.0795737772925	0.0998484455051	0.672524307275	0.317037131297	0.307331258712	0.0453637198433	0.91448253041	0.0426683139897	0.714492357151	0.0440189091892	0.0613227348558	0.077896586588	0.71748636826	0.272250685089	0.230650424673	0.27869688723	0.060581289039	0.298829616837	0.0388528683813	
0.0521618665031	0.0300793606521	0.134585441883	0.407905048639	0.0422227782206	0.187206280772	0.4228302734	0.158711604755	0.148211161488	0.0414668781433	0.161278138821	0.614339414245	0.305782885009	0.61816994062	0.81759687661	0.942616005929	0.0644319985456	0.0468764789561	0.0916014159333	0.0555574541002	
0.0569340756382	0.188501055222	0.321714530857	0.178747394884	0.252811540865	0.848924828456	0.114446655972	0.13025442363	0.0738530145583	0.14224576922	0.338771906018	0.964801221833	0.982851528743	0.874980927081	0.367795420003	0.712075609462	0.0606215843928	0.143675901028	0.139501405133	0.0820288919831	
0.286353595307	0.0833490824035	0.150399920044	0.178250396936	0.108174698216	0.395670875968	0.941811751965	0.0566462793009	-820.762949893	1644.29516086	-821.572563426	0.251885987174	0.538060735484	0.449028434761	0.231502586829	0.730209911939	0.325496641508	0.141823588116	0.256340103677	0.139583298673	
0.0643837263049	0.34006785227	0.989538359464	0.09794153191	0.598843615825	0.717858318968	0.139305913486	0.0417916956559	0.171383609133	0.143316948167	0.48935037068	0.0680791716288	0.741683633382	0.0872307293698	0.366842222036	0.046583761283	0.0368569699982	0.547752857485	0.195730521698	0.750699590208	
0.505100896439	0.688770632354	0.544880019398	0.64917138203	0.924871273541	0.146638104127	0.145221696214	0.125672937236	0.139042759139	0.625877519836	0.319308528878	0.349820275132	0.227621751109	0.138326485028	0.0466265410882	0.0792647741328	0.578621010477	0.916989728097	0.213444804439	0.837465383379	
0.124067749266	0.145505799304	0.652781735214	0.0588436882891	0.0359526671649	0.0927635225222	0.169972630497	0.85144684129	0.208210684895	0.231688687908	0.654791765236	0.176582201689	0.0808583125018	0.281100241624	0.247010199687	0.190131902234	0.288502989352	0.0529815912366	0.986118090656	0.371311997191	
0.149200597316	0.790481333517	0.774048601066	0.286913339388	0.995051116802	0.249161366789	0.122135143815	0.647411070237	0.19990626717	-821.572563426	1644.29516086	-820.82544473	0.032700965199	0.070369565347	0.50409592794	0.086297094693	0.148011629719	0.779790179453	0.0937820696853	0.70602040632	
0.185608607133	0.248696401393	0.960351549524	0.332924776593	0.883892175374	0.974023191452	0.181518353717	0.127025078835	0.167509234835	0.455971490817	0.547899603669	0.102986882411	0.717124618573	0.389894713076	0.571304677998	0.0804170159234	0.074794889493	0.379022512286	0.670163527589	0.553052259005	
0.266628761598	0.244981178415	0.827786287049	0.924274203437	0.627441665353	0.255476537094	0.277624197094	0.377994829872	0.128596130876	0.245109866714	0.84023680498	0.61789661091	0.27077023279	0.24432610897	0.173381508037	0.214047897521	0.688109103693	0.671919036943	0.579407971282	0.436034598438	
0.17784259285	0.173274198	0.909472817113	0.120311273611	0.0620987194653	0.391897118755	0.33368062194	0.908051303065	0.208731460256	0.544885852666	0.981673207529	0.622936402027	0.295082048146	0.785060634513	0.841490636609	0.466694063903	0.559736093246	0.089878867618	0.955258555808	0.464973357923	
0.183939924485	0.897479601915	0.60513489606	0.559045765719	0.867727648867	0.812631108622	0.509210645832	0.372139968539	0.598799456018	0.251885987174	-820.82544473	1644.29516086	-821.569098705	0.25964511504	0.904831874367	0.298050509167	0.42386433874	0.957414392783	0.24719221143	0.978620595505	
0.91313386126	0.0890508365241	0.0372784973232	0.732166656913	0.184343630148	0.067690500512	0.0615351013167	0.939189824558	0.0604917653422	0.670473016297	0.0176464153181	0.153047810705	0.0547859025144	0.21514157634	0.0486775184891	0.792083667999	0.962796203354	0.0573833893298	0.174048819074	0.0163873779202	
0.0491973107512	0.0230717092122	0.0317571041918	0.0919426502921	0.0189442945047	0.367470849847	0.596327808427	0.151321007066	0.0775703559631	0.0330567772001	0.0549452466389	0.217109859317	0.144411659902	0.302116648111	0.552634809221	0.853025986843	0.0404532246403	0.0252271830261	0.0381214087719	0.0401048340336	
0.0902107786223	0.256263236428	0.0667884665192	0.622338553878	0.825824540559	0.180201212085	0.156779793325	0.0764190630695	0.113668320792	0.128186549716	0.0727544487004	0.377209892198	0.727930779779	0.246861825211	0.116369308555	0.114383814449	0.0253427390738	0.578507702898	0.0599915181459	0.0833003506405	
0.185006882942	0.0288447567424	0.0774451297272	0.189702857843	0.0488301970486	0.0767467848261	0.368719956281	0.0489636330446	0.176308318554	0.538060735484	0.032700965199	-821.569098705	1644.29516086	-821.199285537	0.0471393880518	0.101287408437	0.404662461716	0.0736738565098	0.490563432988	0.0537357938038	
0.893047664295	0.0882976057822	0.103043096708	0.970964700213	0.371166393424	0.160832771929	0.191595739898	0.656707336512	0.122584756827	0.884195151973	0.0651472170411	0.245070924109	0.16850522232	0.801330070353	0.0749250581685	0.197373827234	0.334262176229	0.103539083223	0.901197012419	0.0491181247287	
0.0647532070486	0.0392834608787	0.0935989004508	0.16356592866	0.0520219657928	0.391985637613	0.33923514951	0.862481423547	0.040347862024	0.0433469650978	0.34618001052	0.198125474395	0.083014523351	0.133701746583	0.902130395052	0.423272761824	0.175856804626	0.0747631659041	0.260874452016	0.0655324124138	
0.246800950435	0.112990354674	0.129536593219	0.518035119576	0.148707800871	0.498999654194	0.525558111228	0.2183664355	0.140994414381	0.647367517127	0.193443918525	0.605105639994	0.803322563671	0.412229794281	0.673296354846	0.138388993569	0.134217152392	0.262951388415	0.133713650586	0.249406240795	
0.0801168770807	0.10288780114	0.0910504285278	0.553027413214	0.0945872070287	0.322075533248	0.794838630039	0.079375136801	0.259354228883	0.449028434761	0.070369565347	0.25964511504	-821.199285537	1644.29516086	-821.506992385	0.19034186433	0.90786092118	0.282432575185	0.87711818248	0.24968548916	
0.0887651696831	0.0824085836518	0.772075028297	0.159834439306	0.39178222595	0.983214000404	0.0588108442983	0.090839763549	0.0525345785537	0.207854740927	0.547902113945	0.0372166151792	0.239690302214	0.389349272263	0.854622258115	0.0390705381883	0.0380297157618	0.11116317321	0.339615272728	0.483839664705	
0.0870731631069	0.0906827022547	0.996541368829	0.88383878232	0.441282625651	0.084306527845	0.11203337293	0.153784690885	0.0913172086215	0.0906368682944	0.745517578969	0.403215834253	0.168252563291	0.164632872443	0.138778418522	0.135302703271	0.274620720908	0.322081839669	0.475533475665	0.148862402436	
0.0573012942391	0.0737291354558	0.954604758306	0.0486549870962	0.0340910963468	0.510445906526	0.103979468886	0.38432682486	0.0645709863984	0.188981305097	0.991153603651	0.500303742569	0.208391587749	0.676753344105	0.699276952009	0.644015532213	0.491451114948	0.0377067942279	0.582195644508	0.133039967315	
0.108515530668	0.85541863447	0.277747193979	0.173306680175	0.476974158448	0.953424688029	0.430539084886	0.115414407508	0.692467066885	0.231502586829	0.50409592794	0.904831874367	0.0471393880518	-821.506992385	1644.29516086	-821.086724138	0.156274969464	0.498806487248	0.0935352050761	0.771785763779	
0.132422371401	0.0388117227008	0.134854512211	0.217838152219	0.169927656699	0.485165185237	0.0268160343763	0.279511847382	0.0237118712521	0.242813697153	0.081917448191	0.0255554999327	0.0603874632869	0.712813285853	0.563905661196	0.0508519966782	0.0571682174726	0.0375744590641	0.20750833209	0.0649299993851	
0.0318506697721	0.0246345291386	0.362732672104	0.481870736188	0.0610047244428	0.0610694550418	0.11057335121	0.0945288447537	0.0802851128652	0.0293903054231	0.256601491369	0.340732254185	0.144617697288	0.23275086484	0.407296988879	0.300134578825	0.0619728714222	0.0534626606393	0.1436257769	0.041098259028	
0.029598349506	0.0607526387213	0.503449455623	0.0495797376512	0.0524510976584	0.959754101602	0.0555609320952	0.0986071467777	0.0333537422718	0.0861273267876	0.543374042042	0.742665477416	0.50985514874	0.732997659732	0.4338374343	0.867091173835	0.1040911011	0.0386138386069	0.130602103067	0.0490416987993	
0.108991523268	0.149351614737	0.0998770432279	0.0850584870352	0.102148264864	0.773841629773	0.756264220899	0.0369948254284	0.919466014581	0.730209911939	0.086297094693	0.298050509167	0.101287408437	0.19034186433	-821.086724138	1644.29516086	-821.524733172	0.123384812138	0.0846279584843	0.180475046476	
0.91150589155	0.287010820816	0.191307548795	0.968390467739	0.787159089359	0.225650357621	0.518091377868	0.42857867096	0.4017121764	0.968199512636	0.0854753073417	0.635515506014	0.45603618797	0.443717654395	0.0906250716181	0.366183041438	0.465899592671	0.341362126936	0.917265044895	0.0751118357038	
0.201751178968	0.101738634778	0.108327101389	0.247757960793	0.0910137799817	0.888627866784	0.698890482309	0.928087192618	0.0704216753588	0.1183131523	0.344587488305	0.340312000015	0.155305810391	0.208528466477	0.482167438321	0.460794936358	0.367320953153	0.156162750269	0.247090783005	0.186237384815	
0.660284134075	0.288857704436	0.181273044979	0.846620116868	0.233936804713	0.276518885551	0.94409310739	0.552929625438	0.491802518747	0.934384497038	0.255021734295	0.572095061897	0.623552139176	0.470869789696	0.594944325331	0.143397278132	0.150118899651	0.573241194302	0.306575816908	0.696768007618	
0.151607326514	0.148560255465	0.224705905931	0.970480326305	0.220305790362	0.258714274849	0.592304772652	0.249072519769	0.25092044068	0.325496641508	0.148011629719	0.42386433874	0.404662461716	0.90786092118	0.156274969464	-821.524733172	1644.29516086	-821.058179162	0.996441542975	0.384453212354	
0.204159924645	0.375769304125	0.895041693875	0.339705891937	0.915118377835	0.651912209849	0.480524611018	0.0977651149282	0.424640053669	0.446197404855	0.497161261253	0.217655037109	0.981386400384	0.249140639851	0.219456519467	0.0891570996351	0.0836600999796	0.706215190212	0.764513911702	0.515798812419	
0.446604181639	0.423016972298	0.442048432807	0.566026865977	0.639603836685	0.40577883039	0.291416340721	0.605957095204	0.0844335585791	0.359339811698	0.761139688161	0.378185521713	0.17330764018	0.149872534649	0.131071563029	0.152398031053	0.96772296036	0.86461919811	0.598998083595	0.637074894142	
0.442264289219	0.180707934602	0.502422197032	0.180631236311	0.0617347054426	0.19813050438	0.669702893423	0.996147593289	0.409087789938	0.863995112731	0.679633594931	0.373479653166	0.204919623598	0.461336608211	0.714594969376	0.186492226006	0.576049132048	0.127007814885	0.935359471702	0.876898075013	
0.13046473927	0.77412368695	0.527966887989	0.857089448274	0.83600971005	0.459871597516	0.31789771661	0.635475679257	0.268352532205	0.141823588116	0.779790179453	0.957414392783	0.0736738565098	0.282432575185	0.498806487248	0.123384812138	-821.058179162	1644.29516086	-821.271130428	0.977622204924	
0.949830114548	0.243925304285	0.114980817264	0.94869899051	0.585364658417	0.133830067022	0.497304132646	0.427180336707	0.386495356341	0.921776725601	0.0546596485972	0.769794134686	0.31100338933	0.316094473753	0.0592167012863	0.452575333405	0.610625731508	0.265260232955	0.757153964846	0.0486432774342	
0.160589006996	0.0764229669075	0.0662884873973	0.151651763431	0.0587345207243	0.906536917582	0.668879146854	0.856045030567	0.0570070153053	0.0909157263391	0.205933644751	0.235958199471	0.119168537641	0.165723590008	0.430681560191	0.414722722135	0.23972246972	0.100605190093	0.154877781206	0.133904594491	
0.676470457119	0.268398208909	0.110685025322	0.960165233971	0.283998985069	0.188929751414	0.92150280976	0.364498885863	0.475137970694	0.82999488196	0.149717336091	0.405789707987	0.53151875773	0.30911172061	0.379517135595	0.0964327050868	0.0944632218863	0.734264031574	0.188751317153	0.575689975579	
0.124954895446	0.0893394174096	0.155166888745	0.908660822349	0.139539221829	0.155375407856	0.432701386297	0.188555977303	0.164699367102	0.256340103677	0.0937820696853	0.24719221143	0.490563432988	0.87711818248	0.0935352050761	0.0846279584843	0.996441542975	-821.271130428	1644.29516086	-821.422273973	
0.138654040515	0.166091171794	0.930507509697	0.251595685127	0.681889122652	0.774982120535	0.245138263795	0.0841424559833	0.18707207116	0.314644028325	0.809059479361	0.105185449941	0.794495681117	0.330143973706	0.288845537446	0.052442264185	0.0526761007327	0.342824243068	0.747244421678	0.727825879366	
0.202829154345	0.230374288637	0.746758527534	0.591002288673	0.741345247497	0.192713930937	0.159296783669	0.501178117161	0.0608259632107	0.180696030702	0.96764317543	0.287803335724	0.119316828049	0.110086016978	0.135381907945	0.115704469754	0.916503219027	0.820495922191	0.881223865229	0.346211753011	
0.215089471342	0.0949064040815	0.596667787874	0.0988023198572	0.039370433656	0.275698248518	0.379586969426	0.876983531873	0.171625423043	0.675084400738	0.824496644995	0.369138905876	0.185723719513	0.46118877873	0.870735861987	0.218620634737	0.888819785053	0.0674437508316	0.824482751477	0.527889422571	
0.0857991020896	0.965279190005	0.326570524159	0.545209734539	0.677036077549	0.73191854759	0.348727383346	0.309695327497	0.309678689617	0.139583298673	0.70602040632	0.978620595505	0.0537357938038	0.24968548916	0.771785763779	0.180475046476	0.384453212354	0.977622204924	-821.422273973	1644.29516086	
